1,1,200.39,138.26,113.31,465.98,1,1,1.0
2,1,202.8,138.26,110.95999999999998,466.08000000000004,1,1,1.0
3,1,205.2,138.26,108.63,466.16999999999996,1,1,1.0
4,1,214.7,138.26,99.19,466.27,1,1,1.0
5,1,214.73,161.38,96.82000000000002,443.25,1,1,1.0
6,1,214.76,184.5,94.44,420.22,1,1,1.0
7,1,214.79,206.1,94.88000000000002,398.72,1,1,1.0
8,1,214.81,222.2,95.32,382.71999999999997,1,1,1.0
9,1,218.06,216.47,92.54000000000002,388.54999999999995,1,1,1.0
10,1,221.3,210.73,89.76999999999998,394.38,1,1,1.0
11,1,224.5,208.2,87.04000000000002,397.01000000000005,1,1,1.0
12,1,223.16,205.0,88.84,400.30999999999995,1,1,1.0
13,1,221.81,201.8,90.66000000000003,403.59999999999997,1,1,1.0
14,1,220.47,198.6,92.47,406.9,1,1,1.0
15,1,219.13,199.4,94.26999999999998,406.20000000000005,1,1,1.0
16,1,217.79,198.1,96.08000000000001,407.6,1,1,1.0
17,1,216.44,198.4,97.89999999999998,407.39,1,1,1.0
18,1,215.1,197.2,99.70000000000002,408.69,1,1,1.0
19,1,214.64,198.8,100.23000000000002,407.19,1,1,1.0
20,1,214.18,197.7,100.75999999999999,408.38000000000005,1,1,1.0
21,1,213.72,198.2,101.28,407.97999999999996,1,1,1.0
22,1,213.26,198.8,101.80000000000001,407.47999999999996,1,1,1.0
23,1,212.8,198.2,102.32999999999998,408.18,1,1,1.0
24,1,212.34,197.6,102.85,408.87,1,1,1.0
25,1,211.88,196.9,103.38,409.6700000000001,1,1,1.0
26,1,211.42,197.7,103.9,408.96999999999997,1,1,1.0
27,1,213.36,198.4,102.02999999999997,408.37,1,1,1.0
28,1,215.3,199.1,100.14999999999998,407.76,1,1,1.0
29,1,214.62,199.5,100.89999999999998,407.46000000000004,1,1,1.0
30,1,213.94,199.8,101.63999999999999,407.25999999999993,1,1,1.0
31,1,213.27,198.3,102.37999999999997,408.84999999999997,1,1,1.0
32,1,214.2,196.7,101.50999999999999,410.55,1,1,1.0
33,1,213.5,198.2,102.27999999999997,409.15000000000003,1,1,1.0
34,1,214.4,197.9,101.43999999999997,409.55000000000007,1,1,1.0
35,1,213.52,197.4,102.39000000000001,410.14,1,1,1.0
36,1,212.6,198.2,103.37000000000003,409.44,1,1,1.0
37,1,213.3,198.7,102.74000000000001,409.04,1,1,1.0
38,1,214.0,198.8,102.10000000000002,409.03000000000003,1,1,1.0
39,1,212.87,198.5,103.30000000000001,409.42999999999995,1,1,1.0
40,1,213.3,197.8,102.93,410.22999999999996,1,1,1.0
41,1,213.6,195.0,102.70000000000002,413.13,1,1,1.0
42,1,213.7,196.7,102.66000000000003,411.52000000000004,1,1,1.0
43,1,212.04,194.2,104.39000000000001,414.12000000000006,1,1,1.0
44,1,213.6,192.6,102.9,415.81999999999994,1,1,1.0
45,1,214.6,193.1,101.96000000000001,415.40999999999997,1,1,1.0
46,1,215.0,194.9,101.63,413.71000000000004,1,1,1.0
47,1,214.9,195.1,101.78999999999999,413.61,1,1,1.0
48,1,214.8,198.5,101.95999999999998,410.30999999999995,1,1,1.0
49,1,213.2,198.7,103.62,410.2,1,1,1.0
50,1,213.1,202.0,103.78,407.0,1,1,1.0
51,1,211.88,203.5,105.00999999999999,405.5,1,1,1.0
52,1,213.8,209.2,103.08999999999997,399.8,1,1,1.0
53,1,212.29,220.3,104.6,388.7,1,1,1.0
54,1,210.78,221.7,106.10999999999999,387.3,1,1,1.0
55,1,212.5,226.8,104.38999999999999,382.2,1,1,1.0
56,1,216.8,231.7,100.08999999999997,377.3,1,1,1.0
57,1,217.9,232.7,98.98999999999998,376.3,1,1,1.0
58,1,214.45,232.9,92.85000000000002,376.1,1,1,1.0
59,1,214.2,236.3,93.10000000000002,372.7,1,1,1.0
60,1,209.95,235.7,97.35000000000002,373.3,1,1,1.0
61,1,205.7,238.3,101.60000000000002,370.7,1,1,1.0
62,1,198.3,236.0,109.0,373.0,1,1,1.0
63,1,192.4,233.8,114.9,375.2,1,1,1.0
64,1,184.4,235.5,122.9,373.5,1,1,1.0
65,1,181.2,235.5,124.5,376.16999999999996,1,1,1.0
66,1,178.0,235.5,126.10000000000002,378.83000000000004,1,1,1.0
67,1,174.8,235.5,127.69999999999999,381.5,1,1,1.0
68,1,163.6,235.5,132.50000000000003,391.1,1,1,1.0
69,1,163.6,235.5,129.29999999999998,397.5,1,1,1.0
70,1,163.6,229.9,126.1,403.1,1,1,1.0
71,1,163.6,224.3,124.50000000000003,408.7,1,1,1.0
72,1,163.6,214.7,124.50000000000003,418.3,1,1,1.0
73,1,163.6,206.7,124.50000000000003,426.3,1,1,1.0
74,1,163.6,203.5,124.50000000000003,429.5,1,1,1.0
75,1,163.6,198.7,124.50000000000003,434.3,1,1,1.0
76,1,163.6,193.9,124.50000000000003,439.1,1,1,1.0
77,1,163.6,190.8,124.50000000000003,442.2,1,1,1.0
78,1,163.6,190.9,124.50000000000003,442.1,1,1,1.0
79,1,163.6,192.8,124.50000000000003,440.2,1,1,1.0
80,1,163.6,192.65,124.50000000000003,440.35,1,1,1.0
81,1,163.6,192.5,124.50000000000003,440.5,1,1,1.0
82,1,163.6,194.8,124.50000000000003,438.2,1,1,1.0
83,1,163.6,208.2,124.50000000000003,424.8,1,1,1.0
84,1,163.6,212.2,124.50000000000003,420.8,1,1,1.0
85,1,163.6,216.2,124.50000000000003,416.8,1,1,1.0
86,1,166.8,227.4,121.30000000000001,405.6,1,1,1.0
87,1,170.0,228.9,118.10000000000002,404.1,1,1,1.0
88,1,170.0,243.2,118.10000000000002,389.8,1,1,1.0
89,1,170.0,243.2,118.10000000000002,389.8,1,1,1.0
90,1,170.0,243.2,118.10000000000002,389.8,1,1,1.0
91,1,170.0,243.2,121.30000000000001,389.8,1,1,1.0
92,1,173.2,243.2,124.5,389.8,1,1,1.0
93,1,176.4,243.2,124.49999999999997,389.8,1,1,1.0
94,1,176.4,243.2,134.1,389.8,1,1,1.0
95,1,190.7,243.2,126.19999999999999,389.8,1,1,1.0
96,1,190.7,243.2,131.0,389.8,1,1,1.0
97,1,200.3,243.2,121.39999999999998,389.8,1,1,1.0
98,1,211.4,243.2,110.29999999999998,389.8,1,1,1.0
99,1,219.35,239.2,102.35,393.8,1,1,1.0
100,1,227.3,235.2,94.39999999999998,397.8,1,1,1.0
101,1,228.9,232.0,92.79999999999998,397.79999999999995,1,1,1.0
102,1,228.9,228.8,92.79999999999998,400.99999999999994,1,1,1.0
103,1,228.9,224.0,92.79999999999998,401.0,1,1,1.0
104,1,228.9,220.8,92.79999999999998,397.8,1,1,1.0
105,1,228.9,217.6,92.79999999999998,397.79999999999995,1,1,1.0
106,1,228.9,214.4,92.79999999999998,397.80000000000007,1,1,1.0
107,1,228.9,214.4,92.79999999999998,395.13,1,1,1.0
108,1,228.9,214.4,92.79999999999998,392.47,1,1,1.0
109,1,228.9,214.4,92.79999999999998,389.80000000000007,1,1,1.0
110,1,228.9,214.4,92.79999999999998,386.6,1,1,1.0
111,1,222.5,219.2,99.19999999999999,377.00000000000006,1,1,1.0
112,1,212.9,219.2,108.79999999999998,377.00000000000006,1,1,1.0
113,1,201.7,225.6,120.0,370.6,1,1,1.0
114,1,195.3,225.6,126.39999999999998,370.6,1,1,1.0
115,1,182.6,232.0,139.1,364.20000000000005,1,1,1.0
116,1,174.6,232.0,147.1,364.20000000000005,1,1,1.0
117,1,168.2,232.0,153.5,364.20000000000005,1,1,1.0
118,1,155.5,232.0,166.2,364.20000000000005,1,1,1.0
119,1,155.5,234.8,165.0,361.40000000000003,1,1,1.0
120,1,155.5,237.6,163.8,358.6,1,1,1.0
121,1,155.5,240.4,162.60000000000002,355.80000000000007,1,1,1.0
122,1,155.5,243.2,161.39999999999998,353.00000000000006,1,1,1.0
123,1,155.5,242.4,158.2,353.80000000000007,1,1,1.0
124,1,155.5,244.7,155.0,351.50000000000006,1,1,1.0
125,1,156.92,244.9,153.58,351.30000000000007,1,1,1.0
126,1,158.34,245.1,152.16,351.1,1,1,1.0
127,1,159.77,244.03,150.73,352.1700000000001,1,1,1.0
128,1,161.19,242.95,149.31,353.25000000000006,1,1,1.0
129,1,162.61,241.88,147.89,354.32000000000005,1,1,1.0
130,1,164.03,240.8,146.47,355.40000000000003,1,1,1.0
131,1,165.46,241.85,145.04,354.35,1,1,1.0
132,1,166.88,242.9,143.62,353.30000000000007,1,1,1.0
133,1,168.3,241.6,142.2,354.6,1,1,1.0
134,1,170.7,240.0,139.8,356.20000000000005,1,1,1.0
135,1,173.1,243.2,137.4,353.00000000000006,1,1,1.0
136,1,173.1,243.2,137.4,353.00000000000006,1,1,1.0
137,1,173.1,243.2,137.4,353.00000000000006,1,1,1.0
138,1,173.1,243.2,137.4,353.00000000000006,1,1,1.0
139,1,173.1,243.2,137.4,353.00000000000006,1,1,1.0
140,1,173.6,243.2,136.9,353.00000000000006,1,1,1.0
141,1,171.6,243.2,138.9,353.00000000000006,1,1,1.0
142,1,171.2,243.2,139.3,353.00000000000006,1,1,1.0
143,1,173.2,243.2,137.3,353.00000000000006,1,1,1.0
144,1,172.38,243.2,138.12,353.00000000000006,1,1,1.0
145,1,171.55,243.2,138.95,353.00000000000006,1,1,1.0
146,2,0.57,412.7,113.09,407.74000000000007,1,1,1.0
146,1,170.73,243.2,139.77,353.00000000000006,1,1,1.0
147,2,1.34,415.8,113.1,407.73999999999995,1,1,1.0
147,1,169.9,243.2,140.6,353.00000000000006,1,1,1.0
148,2,1.34,415.8,113.1,407.73999999999995,1,1,1.0
148,1,167.5,243.2,143.0,353.00000000000006,1,1,1.0
149,2,1.34,419.8,113.1,408.52000000000004,1,1,1.0
149,1,165.1,243.2,145.4,353.00000000000006,1,1,1.0
150,2,1.34,423.8,113.1,409.3,1,1,1.0
150,1,162.7,243.2,147.8,353.00000000000006,1,1,1.0
151,2,1.34,428.6,114.66,438.0,1,1,1.0
151,1,160.3,243.2,150.2,353.00000000000006,1,1,1.0
152,2,1.34,441.3,121.06,468.3,1,1,1.0
152,1,152.9,243.2,157.6,353.00000000000006,1,1,1.0
153,2,1.34,447.7,130.66,468.3,1,1,1.0
153,1,155.43,243.2,155.07,353.00000000000006,1,1,1.0
154,2,1.34,462.1,133.85999999999999,466.6,1,1,1.0
154,1,157.97,243.2,152.53,353.00000000000006,1,1,1.0
155,2,1.34,479.6,137.06,471.4,1,1,1.0
155,1,160.5,243.2,150.0,353.00000000000006,1,1,1.0
156,2,1.34,490.7,137.06,463.50000000000006,1,1,1.0
156,1,163.03,243.2,147.47,353.00000000000006,1,1,1.0
157,2,1.34,501.9,137.06,452.30000000000007,1,1,1.0
157,1,165.57,243.2,144.93,353.00000000000006,1,1,1.0
158,2,5.6,505.1,137.03,449.1,1,1,1.0
158,1,168.1,243.2,142.4,353.00000000000006,1,1,1.0
159,2,9.85,508.3,137.02,445.90000000000003,1,1,1.0
159,1,165.1,243.2,145.4,353.00000000000006,1,1,1.0
160,2,14.1,511.5,137.0,442.70000000000005,1,1,1.0
160,1,165.1,247.2,145.4,349.00000000000006,1,1,1.0
161,2,15.7,521.0,152.9,439.6,1,1,1.0
161,1,165.1,251.2,145.4,345.00000000000006,1,1,1.0
162,2,18.9,527.4,160.9,458.70000000000005,1,1,1.0
162,1,165.1,251.84,145.4,344.36,1,1,1.0
163,2,26.9,541.7,168.79999999999998,477.9,1,1,1.0
163,1,165.1,252.48,145.4,343.72,1,1,1.0
164,2,33.3,559.2,172.0,493.89999999999986,1,1,1.0
164,1,165.1,253.12,145.4,343.08000000000004,1,1,1.0
165,2,38.9,564.8,169.6,497.9000000000001,1,1,1.0
165,1,165.1,253.76,145.4,342.44000000000005,1,1,1.0
166,2,44.5,570.4,172.0,497.1,1,1,1.0
166,1,165.1,254.4,145.4,341.80000000000007,1,1,1.0
167,2,49.3,576.8,168.8,489.10000000000014,1,1,1.0
167,1,165.1,255.04,145.4,341.1600000000001,1,1,1.0
168,2,50.37,582.1,167.73,488.0300000000001,1,1,1.0
168,1,165.1,255.68,145.4,340.52000000000004,1,1,1.0
169,2,51.43,587.4,166.67,486.9699999999999,1,1,1.0
169,1,165.1,256.32,145.4,339.88000000000005,1,1,1.0
170,2,52.5,592.7,165.6,485.89999999999986,1,1,1.0
170,1,165.1,256.96,145.4,339.24000000000007,1,1,1.0
171,2,52.5,596.7,165.6,481.89999999999986,1,1,1.0
171,1,165.1,257.6,145.4,338.6,1,1,1.0
172,2,60.5,603.9,157.6,474.69999999999993,1,1,1.0
172,1,165.96,256.91,144.54,339.29,1,1,1.0
173,2,62.0,623.0,160.9,455.5999999999999,1,1,1.0
173,1,166.82,256.23,143.68,339.97,1,1,1.0
174,2,65.2,632.6,175.2,445.9999999999999,1,1,1.0
174,1,167.68,255.54,142.82,340.6600000000001,1,1,1.0
175,2,70.0,658.1,192.7,420.4999999999999,1,1,1.0
175,1,168.55,254.86,141.95,341.34000000000003,1,1,1.0
176,2,81.2,693.1,213.40000000000003,385.4999999999999,1,1,1.0
176,1,169.41,254.17,141.09,342.0300000000001,1,1,1.0
177,2,79.6,712.2,229.4,366.39999999999986,1,1,1.0
177,1,170.27,253.49,140.23,342.71000000000004,1,1,1.0
178,2,84.4,740.9,246.9,337.69999999999993,1,1,1.0
178,1,171.13,252.8,139.37,343.40000000000003,1,1,1.0
179,2,84.4,771.2,261.20000000000005,307.39999999999986,1,1,1.0
179,1,171.99,252.11,138.51,344.09000000000003,1,1,1.0
180,2,87.6,783.9,258.0,294.69999999999993,1,1,1.0
180,1,172.85,251.43,137.65,344.77000000000004,1,1,1.0
181,2,90.8,801.4,264.4,277.19999999999993,1,1,1.0
181,1,173.72,250.74,136.78,345.46000000000004,1,1,1.0
182,2,92.4,815.7,265.9,262.89999999999986,1,1,1.0
182,1,174.58,250.06,135.92,346.14000000000004,1,1,1.0
183,2,92.4,820.5,269.20000000000005,258.0999999999999,1,1,1.0
183,1,175.44,249.37,135.06,346.83000000000004,1,1,1.0
184,2,92.4,826.9,267.5,251.69999999999993,1,1,1.0
184,1,176.3,248.69,134.2,347.51000000000005,1,1,1.0
185,2,94.0,833.3,265.9,245.29999999999995,1,1,1.0
185,1,176.3,248.0,134.2,348.20000000000005,1,1,1.0
186,2,92.4,837.3,267.5,241.29999999999995,1,1,1.0
186,1,172.3,244.0,138.2,352.20000000000005,1,1,1.0
187,2,92.4,841.3,267.5,237.29999999999995,1,1,1.0
187,1,174.7,240.0,143.8,356.20000000000005,1,1,1.0
188,2,92.42,841.2,267.47999999999996,237.39999999999986,1,1,1.0
188,1,176.2,233.6,142.3,362.6,1,1,1.0
189,2,92.43,841.09,267.46999999999997,237.50999999999988,1,1,1.0
189,1,174.7,235.2,148.5,361.00000000000006,1,1,1.0
190,2,92.45,840.99,267.45,237.6099999999999,1,1,1.0
190,1,174.7,232.0,156.5,364.20000000000005,1,1,1.0
191,2,92.46,840.89,267.44,237.70999999999992,1,1,1.0
191,1,174.7,224.0,156.5,372.20000000000005,1,1,1.0
192,2,92.48,840.78,267.41999999999996,237.81999999999994,1,1,1.0
192,1,178.93,222.8,152.26999999999998,373.40000000000003,1,1,1.0
193,2,92.49,840.68,267.40999999999997,237.91999999999996,1,1,1.0
193,1,183.17,221.6,148.03,374.6,1,1,1.0
194,2,92.51,840.58,267.39,238.01999999999987,1,1,1.0
194,1,187.4,220.4,143.79999999999998,375.80000000000007,1,1,1.0
195,2,92.52,840.47,267.38,238.12999999999988,1,1,1.0
195,1,190.6,219.2,140.6,377.00000000000006,1,1,1.0
196,2,92.54,840.37,267.35999999999996,238.2299999999999,1,1,1.0
196,1,206.5,217.6,124.69999999999999,378.6,1,1,1.0
197,2,92.55,840.27,267.34999999999997,238.32999999999993,1,1,1.0
197,1,216.0,214.4,118.39999999999998,381.80000000000007,1,1,1.0
198,2,92.57,840.16,267.33,238.43999999999994,1,1,1.0
198,1,219.2,211.2,123.19999999999999,385.00000000000006,1,1,1.0
199,2,92.58,840.06,267.32,238.53999999999996,1,1,1.0
199,1,219.2,211.2,134.40000000000003,385.00000000000006,1,1,1.0
200,2,92.6,839.96,267.29999999999995,238.63999999999987,1,1,1.0
200,1,219.2,211.2,136.8,385.00000000000006,1,1,1.0
201,2,92.61,839.85,267.28999999999996,238.7499999999999,1,1,1.0
201,1,219.2,211.2,139.2,385.00000000000006,1,1,1.0
202,2,92.63,839.75,267.27,238.8499999999999,1,1,1.0
202,1,219.2,211.2,136.0,385.00000000000006,1,1,1.0
203,2,92.64,839.65,267.26,238.94999999999993,1,1,1.0
203,1,219.2,211.2,132.8,385.00000000000006,1,1,1.0
204,2,92.66,839.55,267.24,239.04999999999995,1,1,1.0
204,1,219.2,211.2,129.60000000000002,385.00000000000006,1,1,1.0
205,2,92.67,839.44,267.22999999999996,239.15999999999985,1,1,1.0
205,1,219.2,211.2,120.0,385.00000000000006,1,1,1.0
206,2,92.69,839.34,267.21,239.25999999999988,1,1,1.0
206,1,219.2,211.2,120.40000000000003,385.00000000000006,1,1,1.0
207,2,92.7,839.24,267.2,239.3599999999999,1,1,1.0
207,1,219.2,211.2,120.80000000000001,385.00000000000006,1,1,1.0
208,2,92.72,839.13,267.17999999999995,239.4699999999999,1,1,1.0
208,1,219.2,211.2,121.19999999999999,385.00000000000006,1,1,1.0
209,2,92.73,839.03,267.16999999999996,239.56999999999994,1,1,1.0
209,1,219.2,211.2,121.60000000000002,385.00000000000006,1,1,1.0
210,2,92.75,838.93,267.15,239.66999999999996,1,1,1.0
210,1,219.2,211.2,122.0,385.00000000000006,1,1,1.0
211,2,92.76,838.82,267.14,239.77999999999986,1,1,1.0
211,1,219.2,211.2,122.40000000000003,385.00000000000006,1,1,1.0
212,2,92.78,838.72,267.12,239.87999999999988,1,1,1.0
212,1,219.2,211.2,122.80000000000001,385.00000000000006,1,1,1.0
213,2,92.79,838.62,267.10999999999996,239.9799999999999,1,1,1.0
213,1,219.2,211.2,123.19999999999999,385.00000000000006,1,1,1.0
214,2,92.81,838.51,267.09,240.08999999999992,1,1,1.0
214,1,219.2,211.31,123.19999999999999,384.89000000000004,1,1,1.0
215,2,92.82,838.41,267.08,240.18999999999994,1,1,1.0
215,1,219.2,211.41,123.19999999999999,384.7900000000001,1,1,1.0
216,2,92.84,838.31,267.05999999999995,240.28999999999996,1,1,1.0
216,1,219.2,211.52,123.19999999999999,384.68000000000006,1,1,1.0
217,2,92.85,838.2,267.04999999999995,240.39999999999986,1,1,1.0
217,1,219.2,211.62,123.19999999999999,384.58000000000004,1,1,1.0
218,2,92.87,838.1,267.03,240.4999999999999,1,1,1.0
218,1,219.2,211.73,123.19999999999999,384.47,1,1,1.0
219,2,92.88,838.0,267.02,240.5999999999999,1,1,1.0
219,1,219.2,211.83,123.19999999999999,384.37,1,1,1.0
220,2,92.9,837.89,267.0,240.70999999999992,1,1,1.0
220,1,219.2,211.94,123.19999999999999,384.26000000000005,1,1,1.0
221,2,92.87,837.79,267.03,240.80999999999995,1,1,1.0
221,1,219.2,212.04,123.19999999999999,384.1600000000001,1,1,1.0
222,2,92.83,837.69,267.07,240.90999999999985,1,1,1.0
222,1,219.2,212.15,123.19999999999999,384.05000000000007,1,1,1.0
223,2,92.8,837.58,267.09999999999997,241.01999999999987,1,1,1.0
223,1,219.2,212.26,123.19999999999999,383.94000000000005,1,1,1.0
224,2,92.77,837.48,267.13,241.1199999999999,1,1,1.0
224,1,219.2,212.36,123.19999999999999,383.84000000000003,1,1,1.0
225,2,92.73,837.38,267.16999999999996,241.2199999999999,1,1,1.0
225,1,219.2,212.47,123.19999999999999,383.73,1,1,1.0
226,2,92.7,837.27,267.2,241.32999999999993,1,1,1.0
226,1,219.2,212.57,123.19999999999999,383.63000000000005,1,1,1.0
227,2,92.66,837.17,267.24,241.42999999999995,1,1,1.0
227,1,219.2,212.68,123.19999999999999,383.52000000000004,1,1,1.0
228,2,92.62,837.07,267.28,241.52999999999986,1,1,1.0
228,1,219.2,212.78,123.19999999999999,383.4200000000001,1,1,1.0
229,2,92.58,836.96,267.32,241.63999999999987,1,1,1.0
229,1,219.2,212.89,123.19999999999999,383.31000000000006,1,1,1.0
230,2,92.54,836.86,267.35999999999996,241.7399999999999,1,1,1.0
230,1,219.2,212.99,123.19999999999999,383.21000000000004,1,1,1.0
231,2,92.5,836.76,267.4,241.83999999999992,1,1,1.0
231,1,219.2,213.1,123.19999999999999,383.1,1,1,1.0
232,2,92.37,836.65,267.53,241.94999999999993,1,1,1.0
232,1,219.2,218.5,123.19999999999999,377.70000000000005,1,1,1.0
233,2,92.24,836.55,267.65999999999997,242.04999999999995,1,1,1.0
233,1,219.2,223.9,123.19999999999999,372.30000000000007,1,1,1.0
234,2,92.11,836.45,267.78999999999996,242.14999999999986,1,1,1.0
234,1,219.2,231.05,120.80000000000001,365.15000000000003,1,1,1.0
235,2,91.98,836.34,267.91999999999996,242.25999999999988,1,1,1.0
235,1,219.2,238.2,118.40000000000003,358.00000000000006,1,1,1.0
236,2,91.85,836.24,268.04999999999995,242.3599999999999,1,1,1.0
236,1,219.2,250.9,116.80000000000001,345.30000000000007,1,1,1.0
237,2,91.72,836.14,268.17999999999995,242.45999999999992,1,1,1.0
237,1,219.2,260.5,115.19999999999999,335.70000000000005,1,1,1.0
238,2,91.59,836.04,268.30999999999995,242.55999999999995,1,1,1.0
238,1,219.2,276.4,115.19999999999999,319.80000000000007,1,1,1.0
239,2,91.46,835.93,268.44,242.66999999999996,1,1,1.0
239,1,219.2,282.75,116.0,313.45000000000005,1,1,1.0
240,2,91.33,835.83,268.57,242.76999999999987,1,1,1.0
240,1,219.2,289.1,116.80000000000001,307.1,1,1,1.0
241,2,91.2,835.73,268.7,242.8699999999999,1,1,1.0
241,1,219.2,298.7,116.80000000000001,297.50000000000006,1,1,1.0
242,2,91.93,835.62,267.96999999999997,242.9799999999999,1,1,1.0
242,1,219.2,294.7,116.80000000000001,301.50000000000006,1,1,1.0
243,2,92.67,835.52,267.22999999999996,243.07999999999993,1,1,1.0
243,1,219.2,290.7,117.30000000000001,305.50000000000006,1,1,1.0
244,2,93.4,835.42,266.5,243.17999999999995,1,1,1.0
244,1,219.2,286.7,117.10000000000002,309.50000000000006,1,1,1.0
245,2,94.8,835.31,265.09999999999997,243.28999999999996,1,1,1.0
245,1,219.2,282.7,116.80000000000001,313.50000000000006,1,1,1.0
246,2,90.6,835.21,269.29999999999995,243.38999999999987,1,1,1.0
246,1,219.2,277.9,116.80000000000001,318.30000000000007,1,1,1.0
247,2,91.7,835.11,268.2,243.4899999999999,1,1,1.0
247,1,219.2,269.9,116.80000000000001,326.30000000000007,1,1,1.0
248,2,92.8,835.0,267.09999999999997,243.5999999999999,1,1,1.0
248,1,219.2,260.3,116.80000000000001,335.90000000000003,1,1,1.0
249,2,92.4,834.9,267.5,243.69999999999993,1,1,1.0
249,1,219.2,253.9,116.80000000000001,342.30000000000007,1,1,1.0
250,2,92.4,829.3,251.54999999999998,249.29999999999995,1,1,1.0
250,1,219.2,244.3,116.80000000000001,351.90000000000003,1,1,1.0
251,2,92.4,823.7,235.6,254.89999999999986,1,1,1.0
251,1,219.2,237.9,116.80000000000001,358.30000000000007,1,1,1.0
252,2,92.4,823.7,189.4,254.89999999999986,1,1,1.0
252,1,219.2,234.7,116.80000000000001,361.50000000000006,1,1,1.0
253,2,92.4,807.8,151.1,270.79999999999995,1,1,1.0
253,1,219.2,225.2,116.80000000000001,371.00000000000006,1,1,1.0
254,2,92.4,796.6,148.0,281.9999999999999,1,1,1.0
254,1,219.2,222.8,116.80000000000001,373.40000000000003,1,1,1.0
255,2,92.4,786.25,148.0,292.3499999999999,1,1,1.0
255,1,219.2,220.4,116.80000000000001,375.80000000000007,1,1,1.0
256,2,92.4,775.9,148.0,302.69999999999993,1,1,1.0
256,1,219.2,215.6,116.80000000000001,380.6,1,1,1.0
257,2,92.4,756.8,135.29999999999998,321.79999999999995,1,1,1.0
257,1,225.55,215.6,110.44999999999999,380.6,1,1,1.0
258,2,92.4,748.8,135.29999999999998,329.79999999999995,1,1,1.0
258,1,231.9,215.6,104.1,380.6,1,1,1.0
259,2,86.0,724.9,129.0,353.69999999999993,1,1,1.0
259,1,234.57,215.6,101.43,381.19999999999993,1,1,1.0
260,2,86.0,704.2,125.80000000000001,374.39999999999986,1,1,1.0
260,1,237.23,215.6,98.77000000000001,381.79999999999995,1,1,1.0
261,2,86.0,688.3,125.80000000000001,390.29999999999995,1,1,1.0
261,1,239.9,215.6,96.1,382.4,1,1,1.0
262,2,76.4,667.6,135.4,410.9999999999999,1,1,1.0
262,1,238.3,215.6,97.69999999999999,383.0,1,1,1.0
263,2,73.2,650.1,138.60000000000002,428.4999999999999,1,1,1.0
263,1,236.7,215.6,99.30000000000001,383.6,1,1,1.0
264,2,73.2,624.6,138.60000000000002,453.9999999999999,1,1,1.0
264,1,235.1,215.6,100.9,384.19999999999993,1,1,1.0
265,2,73.2,608.7,138.60000000000002,469.89999999999986,1,1,1.0
265,1,233.5,215.6,102.5,384.79999999999995,1,1,1.0
266,2,73.2,589.6,138.60000000000002,488.9999999999999,1,1,1.0
266,1,231.9,215.6,104.1,385.4,1,1,1.0
267,2,73.2,580.85,145.75,497.7499999999999,1,1,1.0
267,1,231.9,215.6,104.1,391.0,1,1,1.0
268,2,73.2,572.1,152.89999999999998,506.4999999999999,1,1,1.0
268,1,231.9,215.6,104.1,396.6,1,1,1.0
269,2,79.6,557.8,162.4,520.8,1,1,1.0
269,1,231.9,228.3,104.1,383.90000000000003,1,1,1.0
270,2,86.0,553.8,156.0,524.8,1,1,1.0
270,1,230.3,228.3,105.69999999999999,383.90000000000003,1,1,1.0
271,2,93.9,548.2,148.1,530.3999999999999,1,1,1.0
271,1,228.7,228.3,107.30000000000001,383.90000000000003,1,1,1.0
272,2,98.7,532.3,143.3,546.3,1,1,1.0
272,1,227.1,228.3,108.9,383.90000000000003,1,1,1.0
273,2,103.5,529.1,138.5,527.1999999999999,1,1,1.0
273,1,225.5,228.3,110.5,383.90000000000003,1,1,1.0
274,2,109.9,513.2,132.1,493.69999999999993,1,1,1.0
274,1,223.9,228.3,112.1,383.90000000000003,1,1,1.0
275,2,117.9,498.9,133.7,495.30000000000007,1,1,1.0
275,1,223.9,228.3,112.1,385.14000000000004,1,1,1.0
276,2,121.1,487.7,135.29999999999998,506.50000000000006,1,1,1.0
276,1,223.9,228.3,112.1,386.39000000000004,1,1,1.0
277,2,135.5,482.9,132.10000000000002,511.30000000000007,1,1,1.0
277,1,223.9,228.3,112.1,387.62999999999994,1,1,1.0
278,2,145.0,467.0,144.89999999999998,527.2,1,1,1.0
278,1,223.9,228.3,112.1,388.87999999999994,1,1,1.0
279,2,153.0,463.8,157.60000000000002,530.4000000000001,1,1,1.0
279,1,223.9,228.3,112.1,390.11999999999995,1,1,1.0
280,2,167.4,446.3,157.49999999999997,533.5999999999999,1,1,1.0
280,1,223.9,228.3,112.1,391.36999999999995,1,1,1.0
281,2,177.0,425.5,147.89999999999998,541.6,1,1,1.0
281,1,223.9,228.3,112.1,392.60999999999996,1,1,1.0
282,2,183.4,414.3,141.49999999999997,543.3,1,1,1.0
282,1,223.9,228.3,112.1,393.85999999999996,1,1,1.0
283,2,193.0,396.8,131.89999999999998,528.9000000000001,1,1,1.0
283,1,223.9,228.3,112.1,395.09999999999997,1,1,1.0
284,2,204.1,385.6,120.79999999999998,487.5,1,1,1.0
284,1,226.03,228.3,109.97,406.3,1,1,1.0
285,2,213.7,379.2,119.19999999999999,493.90000000000003,1,1,1.0
285,1,228.17,228.3,107.83000000000001,405.49999999999994,1,1,1.0
286,2,218.5,369.6,138.3,493.9,1,1,1.0
286,1,230.3,228.3,105.69999999999999,406.3,1,1,1.0
287,2,231.3,363.2,157.39999999999998,487.50000000000006,1,1,1.0
287,1,241.5,228.3,94.5,406.3,1,1,1.0
288,2,239.3,361.6,162.09999999999997,485.9,1,1,1.0
288,1,244.17,228.3,91.83000000000001,406.3,1,1,1.0
289,2,250.5,355.3,150.89999999999998,492.2,1,1,1.0
289,1,246.83,228.3,89.16999999999999,406.3,1,1,1.0
290,2,264.8,344.1,136.59999999999997,503.4,1,1,1.0
290,1,249.5,228.3,86.5,406.3,1,1,1.0
291,2,268.0,334.5,133.39999999999998,501.79999999999995,1,1,1.0
291,1,249.5,229.44,86.5,405.16,1,1,1.0
292,2,285.5,318.6,115.89999999999998,495.4,1,1,1.0
292,1,249.5,230.57,86.5,404.03000000000003,1,1,1.0
293,2,293.5,302.7,109.5,469.90000000000003,1,1,1.0
293,1,249.5,231.71,86.5,402.89,1,1,1.0
294,2,293.5,302.7,114.30000000000001,469.90000000000003,1,1,1.0
294,1,249.5,232.84,86.5,401.76,1,1,1.0
295,2,315.8,285.2,112.69999999999999,489.00000000000006,1,1,1.0
295,1,249.5,233.98,86.5,400.62,1,1,1.0
296,2,319.0,275.6,128.60000000000002,498.6,1,1,1.0
296,1,249.5,235.11,86.5,399.49,1,1,1.0
297,2,328.6,275.6,125.39999999999998,498.6,1,1,1.0
297,1,249.5,236.25,86.5,398.35,1,1,1.0
298,2,341.3,264.4,127.09999999999997,500.20000000000005,1,1,1.0
298,1,249.5,237.39,86.5,397.21000000000004,1,1,1.0
299,2,344.5,251.7,130.3,508.09999999999997,1,1,1.0
299,1,249.5,238.52,86.5,396.08000000000004,1,1,1.0
300,2,355.7,242.1,123.90000000000003,514.5,1,1,1.0
300,1,249.5,239.66,86.5,394.94000000000005,1,1,1.0
301,2,368.4,224.6,111.20000000000005,490.69999999999993,1,1,1.0
301,1,249.5,240.79,86.5,393.81000000000006,1,1,1.0
302,2,378.0,215.0,101.60000000000002,470.0,1,1,1.0
302,1,249.5,241.93,86.5,392.67,1,1,1.0
303,2,384.4,211.8,95.20000000000005,473.2,1,1,1.0
303,1,249.5,243.06,86.5,391.54,1,1,1.0
304,2,392.4,203.8,109.5,473.2,1,1,1.0
304,1,249.5,244.2,86.5,390.40000000000003,1,1,1.0
305,2,403.6,199.0,122.19999999999993,478.0,1,1,1.0
305,1,249.5,244.2,86.5,400.00000000000006,1,1,1.0
306,2,409.95,195.8,118.25000000000006,473.24999999999994,1,1,1.0
306,1,248.3,244.2,87.69999999999999,400.00000000000006,1,1,1.0
307,2,416.3,192.6,114.30000000000001,468.5,1,1,1.0
307,1,247.1,244.2,88.9,400.00000000000006,1,1,1.0
308,2,421.1,184.6,109.5,459.0,1,1,1.0
308,1,245.9,244.2,90.1,400.00000000000006,1,1,1.0
309,2,430.7,179.8,99.90000000000003,446.3,1,1,1.0
309,1,244.7,244.2,91.30000000000001,400.00000000000006,1,1,1.0
310,2,445.0,165.5,92.0,428.79999999999995,1,1,1.0
310,1,239.9,244.2,96.1,400.00000000000006,1,1,1.0
311,2,454.6,152.8,98.29999999999995,439.90000000000003,1,1,1.0
311,1,235.1,244.2,100.9,400.00000000000006,1,1,1.0
312,2,454.6,152.8,104.69999999999993,441.49999999999994,1,1,1.0
312,1,227.1,244.2,108.9,400.00000000000006,1,1,1.0
313,2,468.9,143.2,107.89999999999998,451.09999999999997,1,1,1.0
313,1,224.24,245.8,108.89999999999998,403.18,1,1,1.0
314,2,473.7,143.2,107.90000000000003,451.09999999999997,1,1,1.0
314,1,221.38,247.4,108.89999999999998,406.36,1,1,1.0
315,2,476.9,140.0,109.5,454.29999999999995,1,1,1.0
315,1,218.52,249.0,108.9,409.53999999999996,1,1,1.0
316,2,484.8,135.2,106.40000000000003,446.40000000000003,1,1,1.0
316,1,215.66,250.6,108.9,412.72,1,1,1.0
317,2,489.6,122.41,101.60000000000002,441.70000000000005,1,1,1.0
317,1,212.8,252.2,108.89999999999998,415.90000000000003,1,1,1.0
318,2,497.5,116.0,93.70000000000005,435.4,1,1,1.0
318,1,212.8,261.7,101.75,417.55,1,1,1.0
319,2,503.9,106.4,87.30000000000007,421.1,1,1,1.0
319,1,212.8,266.5,94.59999999999997,423.9,1,1,1.0
320,2,507.1,101.6,82.5,413.19999999999993,1,1,1.0
320,1,212.8,269.7,96.19999999999999,425.50000000000006,1,1,1.0
321,2,511.9,98.4,79.30000000000007,416.4,1,1,1.0
321,1,212.8,271.3,97.80000000000001,428.7,1,1,1.0
322,2,516.7,96.8,85.59999999999991,417.99999999999994,1,1,1.0
322,1,212.8,287.2,97.80000000000001,420.7,1,1,1.0
323,2,521.5,93.6,85.60000000000002,421.19999999999993,1,1,1.0
323,1,208.0,287.2,102.60000000000002,427.09999999999997,1,1,1.0
324,2,520.2,91.0,89.02999999999997,420.6,1,1,1.0
324,1,204.8,287.2,105.80000000000001,427.09999999999997,1,1,1.0
325,2,525.3,85.13,86.07000000000005,407.37,1,1,1.0
325,1,201.6,287.2,109.00000000000003,427.09999999999997,1,1,1.0
326,2,532.7,80.9,80.79999999999995,395.70000000000005,1,1,1.0
326,1,196.8,298.4,113.80000000000001,415.9,1,1,1.0
327,2,532.7,76.1,88.79999999999995,383.0,1,1,1.0
327,1,198.4,298.4,105.79999999999998,415.9,1,1,1.0
328,2,545.4,66.6,84.10000000000002,379.79999999999995,1,1,1.0
328,1,193.7,298.4,102.5,415.9,1,1,1.0
329,2,553.4,66.6,87.30000000000007,379.79999999999995,1,1,1.0
329,1,189.47,303.7,106.72999999999999,414.33,1,1,1.0
330,2,556.6,66.6,85.69999999999993,379.79999999999995,1,1,1.0
330,1,185.23,309.0,110.97,412.77,1,1,1.0
331,2,556.6,63.4,96.89999999999998,383.0,1,1,1.0
331,1,181.0,314.3,115.19999999999999,411.2,1,1,1.0
332,2,560.83,61.8,95.87,382.46999999999997,1,1,1.0
332,1,176.2,323.9,120.0,409.6,1,1,1.0
333,2,565.07,57.8,94.82999999999993,384.33,1,1,1.0
333,1,173.0,331.9,123.19999999999999,406.4,1,1,1.0
334,2,569.3,55.4,87.40000000000009,384.6,1,1,1.0
334,1,165.0,331.9,131.2,406.4,1,1,1.0
335,2,574.1,45.8,82.60000000000002,373.49,1,1,1.0
335,1,157.04,331.9,131.20000000000002,406.4,1,1,1.0
336,2,578.9,44.2,77.80000000000007,360.8,1,1,1.0
336,1,150.66,334.29,131.20000000000002,406.40000000000003,1,1,1.0
337,2,581.29,39.42,77.80000000000007,360.8,1,1,1.0
337,1,144.29,336.68,131.20000000000002,406.40000000000003,1,1,1.0
338,2,583.68,34.64,77.80000000000007,360.8,1,1,1.0
338,1,134.73,341.46,131.20000000000002,406.40000000000003,1,1,1.0
339,2,583.68,33.05,77.80000000000007,360.8,1,1,1.0
339,1,134.73,349.42,131.20000000000002,406.40000000000003,1,1,1.0
340,2,593.24,33.05,77.79999999999995,360.8,1,1,1.0
340,1,117.2,349.42,134.39999999999998,446.18,1,1,1.0
341,2,594.83,32.0,77.79999999999995,357.6,1,1,1.0
341,1,117.2,362.17,134.39999999999998,446.17,1,1,1.0
342,2,596.42,30.95,77.80000000000007,354.40000000000003,1,1,1.0
342,1,114.81,366.93,134.4,444.59999999999997,1,1,1.0
343,2,598.01,29.9,77.81000000000006,351.21000000000004,1,1,1.0
343,1,112.42,371.7,134.39999999999998,443.02000000000004,1,1,1.0
344,2,604.39,23.5,77.80000000000007,340.08,1,1,1.0
344,1,104.5,382.9,142.32,431.82000000000005,1,1,1.0
345,2,609.96,23.5,77.79999999999995,340.08,1,1,1.0
345,1,98.15,382.9,148.67,431.82000000000005,1,1,1.0
346,2,615.54,23.5,77.80000000000007,340.08,1,1,1.0
346,1,91.8,389.26,155.01999999999998,433.41999999999996,1,1,1.0
347,2,619.52,23.5,77.80000000000007,340.08,1,1,1.0
347,1,82.2,387.7,155.10000000000002,427.02000000000004,1,1,1.0
348,2,623.5,23.5,77.79999999999995,340.08,1,1,1.0
348,1,75.05,395.65,151.89999999999998,422.25,1,1,1.0
349,2,626.16,23.5,77.80000000000007,340.08,1,1,1.0
349,1,67.9,403.6,148.7,417.49,1,1,1.0
350,2,628.81,23.5,77.80000000000007,340.08,1,1,1.0
350,1,63.1,406.8,137.6,414.29,1,1,1.0
351,2,631.47,23.5,77.79999999999995,340.08,1,1,1.0
351,1,61.5,411.57,139.2,409.52000000000004,1,1,1.0
352,2,638.63,23.5,77.81000000000006,333.69,1,1,1.0
352,1,59.9,416.33,140.79999999999998,404.76000000000005,1,1,1.0
353,2,645.8,23.5,77.80000000000007,327.3,1,1,1.0
353,1,58.3,421.1,142.39999999999998,399.99,1,1,1.0
354,2,646.6,23.5,77.79999999999995,327.3,1,1,1.0
354,1,56.7,421.1,144.0,399.99,1,1,1.0
355,2,647.4,23.5,77.80000000000007,327.3,1,1,1.0
355,1,48.7,419.6,152.0,401.49,1,1,1.0
356,2,655.36,20.31,77.79999999999995,327.3,1,1,1.0
356,1,45.5,414.8,155.2,406.29,1,1,1.0
357,2,658.55,21.91,77.80000000000007,321.54999999999995,1,1,1.0
357,1,42.31,415.6,149.63,403.89,1,1,1.0
358,2,661.73,23.5,77.79999999999995,315.81,1,1,1.0
358,1,39.13,416.4,144.06,401.5,1,1,1.0
359,2,664.92,25.09,77.80000000000007,310.07000000000005,1,1,1.0
359,1,32.76,417.99,144.05,401.5,1,1,1.0
360,2,668.1,26.69,77.79999999999995,304.32,1,1,1.0
360,1,31.16,419.58,144.06,404.71999999999997,1,1,1.0
361,2,671.29,28.28,77.80000000000007,298.58000000000004,1,1,1.0
361,1,23.2,432.3,136.10000000000002,412.7,1,1,1.0
362,2,673.62,28.28,75.47000000000003,294.97,1,1,1.0
362,1,20.0,435.5,132.9,409.5,1,1,1.0
363,2,675.96,28.28,73.13,291.36,1,1,1.0
363,1,16.02,426.75,135.28,417.45000000000005,1,1,1.0
364,2,678.29,28.28,70.80000000000007,287.75,1,1,1.0
364,1,12.04,417.99,137.67000000000002,425.41999999999996,1,1,1.0
365,2,680.63,28.28,68.46000000000004,284.14,1,1,1.0
365,1,4.1,417.99,145.61,425.41999999999996,1,1,1.0
366,1,0.0,417.99,149.71,425.41999999999996,1,1,1.0
367,1,0.0,417.99,134.55,425.41999999999996,1,1,1.0
368,1,0.0,417.99,119.4,425.41999999999996,1,1,1.0
369,1,0.0,417.99,118.6,423.81999999999994,1,1,1.0
370,1,0.0,417.99,117.8,422.21000000000004,1,1,1.0
371,1,0.0,417.99,117.0,420.61,1,1,1.0
372,1,0.0,417.99,116.2,419.01,1,1,1.0
373,1,0.0,417.99,115.4,417.40999999999997,1,1,1.0
374,1,0.0,417.99,114.6,415.80999999999995,1,1,1.0
375,1,0.0,417.99,112.06,411.35,1,1,1.0
376,1,0.0,417.99,109.52,406.89,1,1,1.0
377,1,0.0,417.99,106.98,402.42999999999995,1,1,1.0
378,1,0.0,417.99,104.44,397.97,1,1,1.0
379,1,0.0,417.99,101.9,393.51,1,1,1.0
380,1,0.0,417.99,91.8,393.51,1,1,1.0
381,1,0.0,418.0,81.7,393.5,1,1,1.0
382,1,0.0,418.0,71.6,393.5,1,1,1.0
383,1,0.0,445.6,65.23,365.9,1,1,1.0
384,1,0.0,473.2,58.87,338.3,1,1,1.0
868,4,628.18,16.02,79.6400000000001,339.29,1,1,1.0
869,4,628.16,21.53,79.64999999999998,339.28999999999996,1,1,1.0
870,4,628.16,21.53,79.64999999999998,339.28999999999996,1,1,1.0
871,4,624.18,17.51,79.65000000000009,343.31,1,1,1.0
872,4,620.2,13.5,79.64999999999998,347.32,1,1,1.0
873,4,617.01,13.5,79.64999999999998,347.32,1,1,1.0
874,4,613.83,13.5,79.63999999999999,347.32,1,1,1.0
875,4,609.05,13.5,79.65000000000009,347.32,1,1,1.0
876,4,607.46,13.5,79.63999999999999,347.32,1,1,1.0
877,4,604.27,13.5,79.64999999999998,361.7,1,1,1.0
878,4,604.27,13.5,79.64999999999998,376.0,1,1,1.0
879,4,604.27,15.09,79.64999999999998,376.0,1,1,1.0
880,4,604.27,17.48,79.64999999999998,376.0,1,1,1.0
881,4,604.27,19.87,79.64999999999998,376.0,1,1,1.0
882,4,604.27,22.26,79.64999999999998,381.58,1,1,1.0
883,4,604.27,24.65,79.64999999999998,387.15000000000003,1,1,1.0
884,4,604.08,26.88,79.83999999999992,386.32,1,1,1.0
885,4,603.88,29.11,80.03999999999996,385.49,1,1,1.0
886,4,603.68,31.34,80.24000000000001,384.66,1,1,1.0
887,4,603.49,33.57,80.42999999999995,383.83,1,1,1.0
888,4,603.29,35.8,80.63,383.0,1,1,1.0
889,4,603.09,39.0,80.82999999999993,381.2,1,1,1.0
890,4,602.9,42.2,81.01999999999998,379.40000000000003,1,1,1.0
891,4,602.7,45.4,81.21999999999991,377.6,1,1,1.0
892,4,602.7,45.4,81.21999999999991,387.20000000000005,1,1,1.0
893,4,603.5,50.2,80.41999999999996,388.8,1,1,1.0
894,4,604.3,55.0,79.62,392.0,1,1,1.0
895,4,599.5,58.1,82.82000000000005,401.59,1,1,1.0
896,4,596.3,55.0,82.84000000000003,406.28,1,1,1.0
897,4,594.74,56.6,84.46000000000004,404.67999999999995,1,1,1.0
898,4,588.4,58.1,85.96000000000004,403.17999999999995,1,1,1.0
899,4,585.75,59.7,88.61000000000001,407.95,1,1,1.0
900,4,583.1,61.3,91.25999999999999,412.72999999999996,1,1,1.0
901,4,585.2,62.9,89.15999999999997,417.5,1,1,1.0
902,4,585.2,66.09,89.15999999999997,436.61,1,1,1.0
903,4,583.61,69.27,89.15999999999997,435.03000000000003,1,1,1.0
904,4,583.61,73.24,89.15999999999997,435.86,1,1,1.0
905,4,583.61,77.2,89.15999999999997,436.7,1,1,1.0
906,4,588.39,77.24,89.15999999999997,444.62,1,1,1.0
907,4,588.39,82.01,89.15999999999997,444.63,1,1,1.0
908,4,591.57,83.61,89.15999999999997,444.63,1,1,1.0
909,4,593.96,86.8,89.15999999999997,440.64000000000004,1,1,1.0
910,4,596.35,90.0,89.15999999999997,436.64,1,1,1.0
911,4,593.7,91.6,92.87,435.03999999999996,1,1,1.0
912,4,591.04,91.6,96.59000000000003,435.03999999999996,1,1,1.0
913,4,588.39,96.4,100.30000000000007,430.24,1,1,1.0
914,4,580.4,97.9,111.5,428.74,1,1,1.0
915,4,577.2,97.9,114.69999999999993,428.74,1,1,1.0
916,4,577.2,100.3,115.5,426.34,1,1,1.0
917,4,577.2,102.7,116.29999999999995,423.94,1,1,1.0
918,4,577.2,102.7,119.5,423.94,1,1,1.0
919,4,577.2,102.7,122.69999999999993,423.94,1,1,1.0
920,4,577.2,102.7,122.68999999999994,423.94,1,1,1.0
921,4,577.2,102.7,122.67999999999995,423.94,1,1,1.0
922,4,577.2,102.7,122.66999999999996,423.94,1,1,1.0
923,4,577.2,102.7,122.65999999999997,423.94,1,1,1.0
924,4,577.2,102.7,122.64999999999998,423.94,1,1,1.0
925,4,577.2,102.7,122.63999999999999,423.94,1,1,1.0
926,4,577.2,102.7,122.63999999999999,423.94,1,1,1.0
927,4,577.2,102.7,122.63,423.94,1,1,1.0
928,4,577.2,102.7,122.62,423.94,1,1,1.0
929,4,577.2,102.7,122.6099999999999,423.94,1,1,1.0
930,4,577.2,102.7,122.59999999999991,423.94,1,1,1.0
931,4,577.2,102.7,122.58999999999992,423.94,1,1,1.0
932,4,577.2,102.7,122.57999999999993,423.94,1,1,1.0
933,4,577.2,102.7,122.56999999999994,423.94,1,1,1.0
934,4,577.2,102.7,122.55999999999995,423.94,1,1,1.0
935,4,577.2,102.7,122.54999999999995,423.94,1,1,1.0
936,4,577.2,102.7,122.53999999999996,423.94,1,1,1.0
937,4,577.2,102.7,122.52999999999997,423.94,1,1,1.0
938,4,577.2,102.7,122.51999999999998,423.94,1,1,1.0
939,4,577.2,102.7,122.51999999999998,423.94,1,1,1.0
940,4,577.2,102.7,122.50999999999999,423.94,1,1,1.0
941,4,577.2,102.7,122.5,423.94,1,1,1.0
942,4,577.2,102.7,122.49000000000001,423.94,1,1,1.0
943,4,577.2,102.7,122.4799999999999,423.94,1,1,1.0
944,4,577.2,102.7,122.46999999999991,423.94,1,1,1.0
945,4,577.2,102.7,122.45999999999992,423.94,1,1,1.0
946,4,577.2,102.7,122.44999999999993,423.94,1,1,1.0
947,4,577.2,102.7,122.43999999999994,423.94,1,1,1.0
948,4,577.2,102.7,122.42999999999995,423.94,1,1,1.0
949,4,577.2,102.7,122.41999999999996,423.94,1,1,1.0
950,4,577.2,102.7,122.40999999999997,423.94,1,1,1.0
951,4,577.2,102.7,122.39999999999998,423.94,1,1,1.0
952,4,577.2,102.7,122.38999999999999,423.94,1,1,1.0
953,4,577.2,102.7,122.38999999999999,423.94,1,1,1.0
954,4,577.2,102.7,122.38,423.94,1,1,1.0
955,4,577.2,102.7,122.37,423.94,1,1,1.0
956,4,577.2,102.7,122.3599999999999,423.94,1,1,1.0
957,4,577.2,102.7,122.34999999999991,423.94,1,1,1.0
958,4,577.2,102.7,122.33999999999992,423.94,1,1,1.0
959,4,577.2,102.7,122.32999999999993,423.94,1,1,1.0
960,4,577.2,102.7,122.31999999999994,423.94,1,1,1.0
961,4,577.2,102.7,122.30999999999995,423.94,1,1,1.0
962,4,577.2,102.7,122.29999999999995,423.94,1,1,1.0
963,4,577.2,102.7,122.28999999999996,423.94,1,1,1.0
964,4,577.2,102.7,122.27999999999997,423.94,1,1,1.0
965,4,577.2,102.7,122.26999999999998,423.94,1,1,1.0
966,4,577.2,102.7,122.26999999999998,423.94,1,1,1.0
967,4,577.2,102.7,122.25999999999999,423.94,1,1,1.0
968,4,577.2,102.7,122.25,423.94,1,1,1.0
969,4,577.2,102.7,122.24000000000001,423.94,1,1,1.0
970,4,577.2,102.7,122.2299999999999,423.94,1,1,1.0
971,4,577.2,102.7,122.21999999999991,423.94,1,1,1.0
972,4,577.2,102.7,122.20999999999992,423.94,1,1,1.0
973,4,577.2,102.7,122.19999999999993,423.94,1,1,1.0
974,4,577.2,102.7,122.18999999999994,423.94,1,1,1.0
975,4,577.2,102.7,122.17999999999995,423.94,1,1,1.0
976,4,577.2,102.7,122.16999999999996,423.94,1,1,1.0
977,4,577.2,102.7,122.15999999999997,423.94,1,1,1.0
978,4,577.2,102.7,122.14999999999998,423.94,1,1,1.0
979,4,577.2,102.7,122.14999999999998,423.94,1,1,1.0
980,4,577.2,102.7,122.13999999999999,423.94,1,1,1.0
981,4,577.2,102.7,122.13,423.94,1,1,1.0
982,4,577.2,102.7,122.12,423.94,1,1,1.0
983,4,577.2,102.7,122.1099999999999,423.94,1,1,1.0
984,4,577.2,102.7,122.09999999999991,423.94,1,1,1.0
985,4,577.2,102.7,122.08999999999992,423.94,1,1,1.0
986,4,577.2,102.7,122.07999999999993,423.94,1,1,1.0
987,4,577.2,102.7,122.06999999999994,423.94,1,1,1.0
988,4,577.2,102.7,122.05999999999995,423.94,1,1,1.0
989,4,577.2,102.7,122.04999999999995,423.94,1,1,1.0
990,4,577.2,102.7,122.03999999999996,423.94,1,1,1.0
991,4,577.2,102.7,122.02999999999997,423.94,1,1,1.0
992,4,577.2,102.7,122.02999999999997,423.94,1,1,1.0
993,4,577.2,102.7,122.01999999999998,423.94,1,1,1.0
994,4,577.2,102.7,122.00999999999999,423.94,1,1,1.0
995,4,577.2,102.7,122.0,423.94,1,1,1.0
996,4,577.2,102.7,121.99000000000001,423.94,1,1,1.0
997,4,577.2,102.7,121.9799999999999,423.94,1,1,1.0
998,4,577.2,102.7,121.96999999999991,423.94,1,1,1.0
999,4,577.2,102.7,121.95999999999992,423.94,1,1,1.0
1000,4,577.2,102.7,121.94999999999993,423.94,1,1,1.0
1001,4,577.2,102.7,121.93999999999994,423.94,1,1,1.0
1002,4,577.2,102.7,121.92999999999995,423.94,1,1,1.0
1003,4,577.2,102.7,121.91999999999996,423.94,1,1,1.0
1004,4,577.2,102.7,121.90999999999997,423.94,1,1,1.0
1005,4,577.2,102.7,121.89999999999998,423.94,1,1,1.0
1006,4,577.2,102.7,121.89999999999998,423.94,1,1,1.0
1007,4,577.2,102.7,121.88999999999999,423.94,1,1,1.0
1008,4,577.2,102.7,121.88,423.94,1,1,1.0
1009,4,577.2,102.7,121.87,423.94,1,1,1.0
1010,4,577.2,102.7,121.8599999999999,423.94,1,1,1.0
1011,4,577.2,102.7,121.84999999999991,423.94,1,1,1.0
1012,4,577.2,102.7,121.83999999999992,423.94,1,1,1.0
1013,4,577.2,102.7,121.82999999999993,423.94,1,1,1.0
1014,4,577.2,102.7,121.81999999999994,423.94,1,1,1.0
1015,4,577.2,102.7,121.80999999999995,423.94,1,1,1.0
1016,4,577.2,102.7,121.79999999999995,423.94,1,1,1.0
1017,4,577.2,102.7,121.78999999999996,423.94,1,1,1.0
1018,4,577.2,102.7,121.77999999999997,423.94,1,1,1.0
1019,4,577.2,102.7,121.77999999999997,423.94,1,1,1.0
1020,4,577.2,102.7,121.76999999999998,423.94,1,1,1.0
1021,4,577.2,102.7,121.75999999999999,423.94,1,1,1.0
1022,4,577.2,102.7,121.75,423.94,1,1,1.0
1023,4,577.2,102.7,121.74000000000001,423.94,1,1,1.0
1024,4,577.2,102.7,121.7299999999999,423.94,1,1,1.0
1025,4,577.2,102.7,121.71999999999991,423.94,1,1,1.0
1026,4,577.2,102.7,121.70999999999992,423.94,1,1,1.0
1027,4,577.2,102.7,121.69999999999993,423.94,1,1,1.0
1028,4,577.2,102.7,121.68999999999994,423.94,1,1,1.0
1029,4,577.2,102.7,121.67999999999995,423.94,1,1,1.0
1030,4,577.2,102.7,121.66999999999996,423.94,1,1,1.0
1031,4,577.2,102.7,121.65999999999997,423.94,1,1,1.0
1032,4,577.2,102.7,121.65999999999997,423.94,1,1,1.0
1033,4,577.2,102.7,121.64999999999998,423.94,1,1,1.0
1034,4,577.2,102.7,121.63999999999999,423.94,1,1,1.0
1035,4,577.2,102.7,121.63,423.94,1,1,1.0
1036,4,577.2,102.7,121.62,423.94,1,1,1.0
1037,4,577.2,102.7,121.6099999999999,423.94,1,1,1.0
1038,4,577.2,102.7,121.59999999999991,423.94,1,1,1.0
1039,4,577.2,102.7,121.58999999999992,423.94,1,1,1.0
1040,4,577.2,102.7,121.57999999999993,423.94,1,1,1.0
1041,4,577.2,102.7,121.56999999999994,423.94,1,1,1.0
1042,4,577.2,102.7,121.55999999999995,423.94,1,1,1.0
1043,4,577.2,102.7,121.54999999999995,423.94,1,1,1.0
1044,4,577.2,102.7,121.53999999999996,423.94,1,1,1.0
1045,4,577.2,102.7,121.52999999999997,423.94,1,1,1.0
1046,4,577.2,102.7,121.52999999999997,423.94,1,1,1.0
1047,4,577.2,102.7,121.51999999999998,423.94,1,1,1.0
1048,4,577.2,102.7,121.50999999999999,423.94,1,1,1.0
1049,4,577.2,102.7,121.5,423.94,1,1,1.0
1050,4,577.2,102.7,121.49000000000001,423.94,1,1,1.0
1051,4,577.2,102.7,121.4799999999999,423.94,1,1,1.0
1052,4,577.2,102.7,121.46999999999991,423.94,1,1,1.0
1053,4,577.2,102.7,121.45999999999992,423.94,1,1,1.0
1054,4,577.2,102.7,121.44999999999993,423.94,1,1,1.0
1055,4,577.2,102.7,121.43999999999994,423.94,1,1,1.0
1056,4,577.2,102.7,121.42999999999995,423.94,1,1,1.0
1057,4,577.2,102.7,121.41999999999996,423.94,1,1,1.0
1058,4,577.2,102.7,121.40999999999997,423.94,1,1,1.0
1059,4,577.2,102.7,121.40999999999997,423.94,1,1,1.0
1060,4,577.2,102.7,121.39999999999998,423.94,1,1,1.0
1061,4,577.2,102.7,121.38999999999999,423.94,1,1,1.0
1062,4,577.2,102.7,121.38,423.94,1,1,1.0
1063,4,577.2,102.7,121.37,423.94,1,1,1.0
1064,4,577.2,102.7,121.3599999999999,423.94,1,1,1.0
1065,4,577.2,102.7,121.34999999999991,423.94,1,1,1.0
1066,4,577.2,102.7,121.33999999999992,423.94,1,1,1.0
1067,4,577.2,102.7,121.32999999999993,423.94,1,1,1.0
1068,4,577.2,102.7,121.31999999999994,423.94,1,1,1.0
1069,4,577.2,102.7,121.30999999999995,423.94,1,1,1.0
1070,4,577.2,102.7,121.29999999999995,423.94,1,1,1.0
1071,4,577.2,102.7,121.28999999999996,423.94,1,1,1.0
1072,4,577.2,102.7,121.28999999999996,423.94,1,1,1.0
1073,4,577.2,102.7,121.27999999999997,423.94,1,1,1.0
1074,4,577.2,102.7,121.26999999999998,423.94,1,1,1.0
1075,4,577.2,102.7,121.25999999999999,423.94,1,1,1.0
1076,4,577.2,102.7,121.25,423.94,1,1,1.0
1077,4,577.2,102.7,121.24000000000001,423.94,1,1,1.0
1078,4,577.2,102.7,121.2299999999999,423.94,1,1,1.0
1079,4,577.2,102.7,121.21999999999991,423.94,1,1,1.0
1080,4,577.2,102.7,121.20999999999992,423.94,1,1,1.0
1081,4,577.2,102.7,121.19999999999993,423.94,1,1,1.0
1082,4,577.2,102.7,121.18999999999994,423.94,1,1,1.0
1083,4,577.2,102.7,121.17999999999995,423.94,1,1,1.0
1084,4,577.2,102.7,121.16999999999996,423.94,1,1,1.0
1085,4,577.2,102.7,121.16999999999996,423.94,1,1,1.0
1086,4,577.2,102.7,121.15999999999997,423.94,1,1,1.0
1087,4,577.2,102.7,121.14999999999998,423.94,1,1,1.0
1088,4,577.2,102.7,121.13999999999999,423.94,1,1,1.0
1089,4,577.2,102.7,121.13,423.94,1,1,1.0
1090,4,577.2,102.7,121.12,423.94,1,1,1.0
1091,4,577.2,102.7,121.1099999999999,423.94,1,1,1.0
1092,4,577.2,102.7,121.09999999999991,423.94,1,1,1.0
1093,4,577.2,102.7,121.08999999999992,423.94,1,1,1.0
1094,4,577.2,102.7,121.07999999999993,423.94,1,1,1.0
1095,4,577.2,102.7,121.06999999999994,423.94,1,1,1.0
1096,4,577.2,102.7,121.05999999999995,423.94,1,1,1.0
1097,4,577.2,102.7,121.04999999999995,423.94,1,1,1.0
1098,4,577.2,102.7,121.03999999999996,423.94,1,1,1.0
1099,4,577.2,102.7,121.03999999999996,423.94,1,1,1.0
1100,4,577.2,102.7,121.02999999999997,423.94,1,1,1.0
1101,4,577.2,102.7,121.01999999999998,423.94,1,1,1.0
1102,4,577.2,102.7,121.00999999999999,423.94,1,1,1.0
1103,4,577.2,102.7,121.0,423.94,1,1,1.0
1104,4,577.2,102.7,120.99000000000001,423.94,1,1,1.0
1105,4,577.2,102.7,120.9799999999999,423.94,1,1,1.0
1106,4,577.2,102.7,120.96999999999991,423.94,1,1,1.0
1107,4,577.2,102.7,120.95999999999992,423.94,1,1,1.0
1108,4,577.2,102.7,120.94999999999993,423.94,1,1,1.0
1109,4,577.2,102.7,120.93999999999994,423.94,1,1,1.0
1110,4,577.2,102.7,120.92999999999995,423.94,1,1,1.0
1111,4,577.2,102.7,120.91999999999996,423.94,1,1,1.0
1112,4,577.2,102.7,120.91999999999996,423.94,1,1,1.0
1113,4,577.2,102.7,120.90999999999997,423.94,1,1,1.0
1114,4,577.2,102.7,120.89999999999998,423.94,1,1,1.0
1115,4,577.2,102.7,120.88999999999999,423.94,1,1,1.0
1116,4,577.2,102.7,120.88,423.94,1,1,1.0
1117,4,577.2,102.7,120.87,423.94,1,1,1.0
1118,4,577.2,102.7,120.8599999999999,423.94,1,1,1.0
1119,4,577.2,102.7,120.84999999999991,423.94,1,1,1.0
1120,4,577.2,102.7,120.83999999999992,423.94,1,1,1.0
1121,4,577.2,102.7,120.82999999999993,423.94,1,1,1.0
1122,4,577.2,102.7,120.81999999999994,423.94,1,1,1.0
1123,4,577.2,102.7,120.80999999999995,423.94,1,1,1.0
1124,4,577.2,102.7,120.79999999999995,423.94,1,1,1.0
1125,4,577.2,102.7,120.79999999999995,423.94,1,1,1.0
1126,4,577.2,102.7,120.78999999999996,423.94,1,1,1.0
1127,4,577.2,102.7,120.77999999999997,423.94,1,1,1.0
1128,4,577.2,102.7,120.76999999999998,423.94,1,1,1.0
1129,4,577.2,102.7,120.75999999999999,423.94,1,1,1.0
1130,4,577.2,102.7,120.75,423.94,1,1,1.0
1131,4,577.2,102.7,120.74000000000001,423.94,1,1,1.0
1132,4,577.2,102.7,120.7299999999999,423.94,1,1,1.0
1133,4,577.2,102.7,120.71999999999991,423.94,1,1,1.0
1134,4,577.2,102.7,120.70999999999992,423.94,1,1,1.0
1135,4,577.2,102.7,120.69999999999993,423.94,1,1,1.0
1136,4,577.2,102.7,120.68999999999994,423.94,1,1,1.0
1137,4,577.2,102.7,120.67999999999995,423.94,1,1,1.0
1138,4,577.2,102.7,120.67999999999995,423.94,1,1,1.0
1139,4,577.2,102.7,120.66999999999996,423.94,1,1,1.0
1140,4,577.2,102.7,120.65999999999997,423.94,1,1,1.0
1141,4,577.2,102.7,120.64999999999998,423.94,1,1,1.0
1142,4,577.2,102.7,120.63999999999999,423.94,1,1,1.0
1143,4,577.2,102.7,120.63,423.94,1,1,1.0
1144,4,577.2,102.7,120.62,423.94,1,1,1.0
1145,4,577.2,102.7,120.6099999999999,423.94,1,1,1.0
1146,4,577.2,102.7,120.59999999999991,423.94,1,1,1.0
1147,4,577.2,102.7,120.58999999999992,423.94,1,1,1.0
1148,4,577.2,102.7,120.57999999999993,423.94,1,1,1.0
1149,4,577.2,102.7,120.56999999999994,423.94,1,1,1.0
1150,4,577.2,102.7,120.55999999999995,423.94,1,1,1.0
1151,4,577.2,102.7,120.54999999999995,423.94,1,1,1.0
1152,4,577.2,102.7,120.54999999999995,423.94,1,1,1.0
1153,4,577.2,102.7,120.53999999999996,423.94,1,1,1.0
1154,4,577.2,102.7,120.52999999999997,423.94,1,1,1.0
1155,4,577.2,102.7,120.51999999999998,423.94,1,1,1.0
1156,4,577.2,102.7,120.50999999999999,423.94,1,1,1.0
1157,4,577.2,102.7,120.5,423.94,1,1,1.0
1158,4,577.2,102.7,120.49000000000001,423.94,1,1,1.0
1159,4,577.2,102.7,120.4799999999999,423.94,1,1,1.0
1160,4,577.2,102.7,120.46999999999991,423.94,1,1,1.0
1161,4,577.2,102.7,120.45999999999992,423.94,1,1,1.0
1162,4,577.2,102.7,120.44999999999993,423.94,1,1,1.0
1163,4,577.2,102.7,120.43999999999994,423.94,1,1,1.0
1164,4,577.2,102.7,120.42999999999995,423.94,1,1,1.0
1165,4,577.2,102.7,120.42999999999995,423.94,1,1,1.0
1166,4,577.2,102.7,120.41999999999996,423.94,1,1,1.0
1167,4,577.2,102.7,120.40999999999997,423.94,1,1,1.0
1168,4,577.2,102.7,120.39999999999998,423.94,1,1,1.0
1169,4,577.2,102.7,120.38999999999999,423.94,1,1,1.0
1170,4,577.2,102.7,120.38,423.94,1,1,1.0
1171,4,577.2,102.7,120.37,423.94,1,1,1.0
1172,4,577.2,102.7,120.3599999999999,423.94,1,1,1.0
1173,4,577.2,102.7,120.34999999999991,423.94,1,1,1.0
1174,4,577.2,102.7,120.33999999999992,423.94,1,1,1.0
1175,4,577.2,102.7,120.32999999999993,423.94,1,1,1.0
1176,4,577.2,102.7,120.31999999999994,423.94,1,1,1.0
1177,4,577.2,102.7,120.30999999999995,423.94,1,1,1.0
1178,4,577.2,102.7,120.30999999999995,423.94,1,1,1.0
1179,4,577.2,102.7,120.29999999999995,423.94,1,1,1.0
1180,4,577.2,102.7,120.28999999999996,423.94,1,1,1.0
1181,4,577.2,102.7,120.27999999999997,423.94,1,1,1.0
1182,4,577.2,102.7,120.26999999999998,423.94,1,1,1.0
1183,4,577.2,102.7,120.25999999999999,423.94,1,1,1.0
1184,4,577.2,102.7,120.25,423.94,1,1,1.0
1185,4,577.2,102.7,120.24000000000001,423.94,1,1,1.0
1186,4,577.2,102.7,120.2299999999999,423.94,1,1,1.0
1187,4,577.2,102.7,120.21999999999991,423.94,1,1,1.0
1188,4,577.2,102.7,120.20999999999992,423.94,1,1,1.0
1189,4,577.2,102.7,120.19999999999993,423.94,1,1,1.0
1190,4,577.2,102.7,120.18999999999994,423.94,1,1,1.0
1191,4,577.2,102.7,120.17999999999995,423.94,1,1,1.0
1192,4,577.2,102.7,120.17999999999995,423.94,1,1,1.0
1193,4,577.2,102.7,120.16999999999996,423.94,1,1,1.0
1194,4,577.2,102.7,120.15999999999997,423.94,1,1,1.0
1195,4,577.2,102.7,120.14999999999998,423.94,1,1,1.0
1196,4,577.2,102.7,120.13999999999999,423.94,1,1,1.0
1197,4,577.2,102.7,120.13,423.94,1,1,1.0
1198,4,577.2,102.7,120.12,423.94,1,1,1.0
1199,4,577.2,102.7,120.1099999999999,423.94,1,1,1.0
1200,4,577.2,102.7,120.09999999999991,423.94,1,1,1.0
1201,4,577.2,102.7,120.08999999999992,423.94,1,1,1.0
1202,4,577.2,102.7,120.07999999999993,423.94,1,1,1.0
1203,4,577.2,102.7,120.06999999999994,423.94,1,1,1.0
1204,4,577.2,102.7,120.05999999999995,423.94,1,1,1.0
1205,4,577.2,102.7,120.05999999999995,423.94,1,1,1.0
1206,4,577.2,102.7,120.04999999999995,423.94,1,1,1.0
1207,4,577.2,102.7,120.03999999999996,423.94,1,1,1.0
1208,4,577.2,102.7,120.02999999999997,423.94,1,1,1.0
1209,4,577.2,102.7,120.01999999999998,423.94,1,1,1.0
1210,4,577.2,102.7,120.00999999999999,423.94,1,1,1.0
1211,4,577.2,102.7,120.0,423.94,1,1,1.0
1212,4,577.2,102.7,120.0,423.94,1,1,1.0
1213,4,577.2,102.7,120.00999999999999,423.94,1,1,1.0
1214,4,577.2,102.7,120.00999999999999,423.94,1,1,1.0
1215,4,577.2,102.7,120.00999999999999,423.94,1,1,1.0
1216,4,577.2,102.7,120.01999999999998,423.94,1,1,1.0
1217,4,577.2,102.7,120.01999999999998,423.94,1,1,1.0
1218,4,577.2,102.7,120.01999999999998,423.94,1,1,1.0
1219,4,577.2,102.7,120.02999999999997,423.94,1,1,1.0
1220,4,577.2,102.7,120.02999999999997,423.94,1,1,1.0
1221,4,577.2,102.7,120.02999999999997,423.94,1,1,1.0
1222,4,577.2,102.7,120.03999999999996,423.94,1,1,1.0
1223,4,577.2,102.7,120.03999999999996,423.94,1,1,1.0
1224,4,577.2,102.7,120.03999999999996,423.94,1,1,1.0
1225,4,577.2,102.7,120.04999999999995,423.94,1,1,1.0
1226,4,577.2,102.7,120.04999999999995,423.94,1,1,1.0
1227,4,577.2,102.7,120.04999999999995,423.94,1,1,1.0
1228,4,577.2,102.7,120.04999999999995,423.94,1,1,1.0
1229,4,577.2,102.7,120.05999999999995,423.94,1,1,1.0
1230,4,577.2,102.7,120.05999999999995,423.94,1,1,1.0
1231,4,577.2,102.7,120.05999999999995,423.94,1,1,1.0
1232,4,577.2,102.7,120.06999999999994,423.94,1,1,1.0
1233,4,577.2,102.7,120.06999999999994,423.94,1,1,1.0
1234,4,577.2,102.7,120.06999999999994,423.94,1,1,1.0
1235,4,577.2,102.7,120.07999999999993,423.94,1,1,1.0
1236,4,577.2,102.7,120.07999999999993,423.94,1,1,1.0
1237,4,577.2,102.7,120.07999999999993,423.94,1,1,1.0
1238,4,577.2,102.7,120.08999999999992,423.94,1,1,1.0
1239,4,577.2,102.7,120.08999999999992,423.94,1,1,1.0
1240,4,577.2,102.7,120.08999999999992,423.94,1,1,1.0
1241,4,577.2,102.7,120.09999999999991,423.94,1,1,1.0
1242,4,577.2,102.7,120.09999999999991,423.94,1,1,1.0
1243,4,577.2,102.7,120.09999999999991,423.94,1,1,1.0
1244,4,577.2,102.7,120.1099999999999,423.94,1,1,1.0
1245,4,577.2,102.7,120.1099999999999,423.94,1,1,1.0
1246,4,577.2,102.7,120.1099999999999,423.94,1,1,1.0
1247,4,577.2,102.7,120.12,423.94,1,1,1.0
1248,4,577.2,102.7,120.12,423.94,1,1,1.0
1249,4,577.2,102.7,120.12,423.94,1,1,1.0
1250,4,577.2,102.7,120.13,423.94,1,1,1.0
1251,4,577.2,102.7,120.13,423.94,1,1,1.0
1252,4,577.2,102.7,120.13,423.94,1,1,1.0
1253,4,577.2,102.7,120.13999999999999,423.94,1,1,1.0
1254,4,577.2,102.7,120.13999999999999,423.94,1,1,1.0
1255,4,577.2,102.7,120.13999999999999,423.94,1,1,1.0
1256,4,577.2,102.7,120.14999999999998,423.94,1,1,1.0
1257,4,577.2,102.7,120.14999999999998,423.94,1,1,1.0
1258,4,577.2,102.7,120.14999999999998,423.94,1,1,1.0
1259,4,577.2,102.7,120.14999999999998,423.94,1,1,1.0
1260,4,577.2,102.7,120.15999999999997,423.94,1,1,1.0
1261,4,577.2,102.7,120.15999999999997,423.94,1,1,1.0
1262,4,577.2,102.7,120.15999999999997,423.94,1,1,1.0
1263,4,577.2,102.7,120.16999999999996,423.94,1,1,1.0
1264,4,577.2,102.7,120.16999999999996,423.94,1,1,1.0
1265,4,577.2,102.7,120.16999999999996,423.94,1,1,1.0
1266,4,577.2,102.7,120.17999999999995,423.94,1,1,1.0
1267,4,577.2,102.7,120.17999999999995,423.94,1,1,1.0
1268,4,577.2,102.7,120.17999999999995,423.94,1,1,1.0
1269,4,577.2,102.7,120.18999999999994,423.94,1,1,1.0
1270,4,577.2,102.7,120.18999999999994,423.94,1,1,1.0
1271,4,577.2,102.7,120.18999999999994,423.94,1,1,1.0
1272,4,577.2,102.7,120.19999999999993,423.94,1,1,1.0
1273,4,577.2,102.7,120.19999999999993,423.94,1,1,1.0
1274,4,577.2,102.7,120.19999999999993,423.94,1,1,1.0
1275,4,577.2,102.7,120.20999999999992,423.94,1,1,1.0
1276,4,577.2,102.7,120.20999999999992,423.94,1,1,1.0
1277,4,577.2,102.7,120.20999999999992,423.94,1,1,1.0
1278,4,577.2,102.7,120.21999999999991,423.94,1,1,1.0
1279,4,577.2,102.7,120.21999999999991,423.94,1,1,1.0
1280,4,577.2,102.7,120.21999999999991,423.94,1,1,1.0
1281,4,577.2,102.7,120.2299999999999,423.94,1,1,1.0
1282,4,577.2,102.7,120.2299999999999,423.94,1,1,1.0
1283,4,577.2,102.7,120.2299999999999,423.94,1,1,1.0
1284,4,577.2,102.7,120.24000000000001,423.94,1,1,1.0
1285,4,577.2,102.7,120.24000000000001,423.94,1,1,1.0
1286,4,577.2,102.7,120.24000000000001,423.94,1,1,1.0
1287,4,577.2,102.7,120.25,423.94,1,1,1.0
1288,4,577.2,102.7,120.25,423.94,1,1,1.0
1289,4,577.2,102.7,120.25,423.94,1,1,1.0
1290,4,577.2,102.7,120.25,423.94,1,1,1.0
1291,4,577.2,102.7,120.25999999999999,423.94,1,1,1.0
1292,4,577.2,102.7,120.25999999999999,423.94,1,1,1.0
1293,4,577.2,102.7,120.25999999999999,423.94,1,1,1.0
1294,4,577.2,102.7,120.26999999999998,423.94,1,1,1.0
1295,4,577.2,102.7,120.26999999999998,423.94,1,1,1.0
1296,4,577.2,102.7,120.26999999999998,423.94,1,1,1.0
1297,4,577.2,102.7,120.27999999999997,423.94,1,1,1.0
1298,4,577.2,102.7,120.27999999999997,423.94,1,1,1.0
1299,4,577.2,102.7,120.27999999999997,423.94,1,1,1.0
1300,4,577.2,102.7,120.28999999999996,423.94,1,1,1.0
1301,4,577.2,102.7,120.28999999999996,423.94,1,1,1.0
1302,4,577.2,102.7,120.28999999999996,423.94,1,1,1.0
1303,4,577.2,102.7,120.29999999999995,423.94,1,1,1.0
1304,4,577.2,102.7,120.29999999999995,423.94,1,1,1.0
1305,4,577.2,102.7,120.29999999999995,423.94,1,1,1.0
1306,4,577.2,102.7,120.30999999999995,423.94,1,1,1.0
1307,4,577.2,102.7,120.30999999999995,423.94,1,1,1.0
1308,4,577.2,102.7,120.30999999999995,423.94,1,1,1.0
1309,4,577.2,102.7,120.31999999999994,423.94,1,1,1.0
1310,4,577.2,102.7,120.31999999999994,423.94,1,1,1.0
1311,4,577.2,102.7,120.31999999999994,423.94,1,1,1.0
1312,4,577.2,102.7,120.32999999999993,423.94,1,1,1.0
1313,4,577.2,102.7,120.32999999999993,423.94,1,1,1.0
1314,4,577.2,102.7,120.32999999999993,423.94,1,1,1.0
1315,4,577.2,102.7,120.33999999999992,423.94,1,1,1.0
1316,4,577.2,102.7,120.33999999999992,423.94,1,1,1.0
1317,4,577.2,102.7,120.33999999999992,423.94,1,1,1.0
1318,4,577.2,102.7,120.34999999999991,423.94,1,1,1.0
1319,4,577.2,102.7,120.34999999999991,423.94,1,1,1.0
1320,4,577.2,102.7,120.34999999999991,423.94,1,1,1.0
1321,4,577.2,102.7,120.34999999999991,423.94,1,1,1.0
1322,4,577.2,102.7,120.3599999999999,423.94,1,1,1.0
1323,4,577.2,102.7,120.3599999999999,423.94,1,1,1.0
1324,4,577.2,102.7,120.3599999999999,423.94,1,1,1.0
1325,4,577.2,102.7,120.37,423.94,1,1,1.0
1326,4,577.2,102.7,120.37,423.94,1,1,1.0
1327,4,577.2,102.7,120.37,423.94,1,1,1.0
1328,4,577.2,102.7,120.38,423.94,1,1,1.0
1329,4,577.2,102.7,120.38,423.94,1,1,1.0
1330,4,577.2,102.7,120.38,423.94,1,1,1.0
1331,4,577.2,102.7,120.38999999999999,423.94,1,1,1.0
1332,4,577.2,102.7,120.38999999999999,423.94,1,1,1.0
1333,4,577.2,102.7,120.38999999999999,423.94,1,1,1.0
1334,4,577.2,102.7,120.39999999999998,423.94,1,1,1.0
1335,4,577.2,102.7,120.39999999999998,423.94,1,1,1.0
1336,4,577.2,102.7,120.39999999999998,423.94,1,1,1.0
1337,4,577.2,102.7,120.39999999999998,423.94,1,1,1.0
1338,4,577.2,102.7,120.39999999999998,423.94,1,1,1.0
1339,4,577.2,102.7,120.39999999999998,423.94,1,1,1.0
1340,4,577.2,102.7,120.39999999999998,423.94,1,1,1.0
1341,4,577.2,102.7,120.57999999999993,423.94,1,1,1.0
1342,4,577.2,102.7,120.75,423.94,1,1,1.0
1343,4,577.2,102.7,120.92999999999995,423.94,1,1,1.0
1344,4,577.2,102.7,121.09999999999991,423.94,1,1,1.0
1345,4,577.2,102.7,121.27999999999997,423.94,1,1,1.0
1346,4,577.2,102.7,121.44999999999993,423.94,1,1,1.0
1347,4,577.2,102.7,121.62,423.94,1,1,1.0
1348,4,577.2,102.7,121.79999999999995,423.94,1,1,1.0
1349,4,577.2,102.7,121.78999999999996,423.94,1,1,1.0
1350,4,577.2,102.7,121.78999999999996,423.94,1,1,1.0
1351,4,577.2,102.7,121.77999999999997,423.94,1,1,1.0
1352,4,577.2,102.7,121.77999999999997,423.94,1,1,1.0
1353,4,577.2,102.7,121.76999999999998,423.94,1,1,1.0
1354,4,577.2,102.7,121.75999999999999,423.94,1,1,1.0
1355,4,577.2,102.7,121.75999999999999,423.94,1,1,1.0
1356,4,577.2,102.7,121.75,423.94,1,1,1.0
1357,4,577.2,102.7,121.75,423.94,1,1,1.0
1358,4,577.2,102.7,121.74000000000001,423.94,1,1,1.0
1359,4,577.2,102.7,121.74000000000001,423.94,1,1,1.0
1360,4,577.2,102.7,121.7299999999999,423.94,1,1,1.0
1361,4,577.2,102.7,121.71999999999991,423.94,1,1,1.0
1362,4,577.2,102.7,121.71999999999991,423.94,1,1,1.0
1363,4,577.2,102.7,121.70999999999992,423.94,1,1,1.0
1364,4,577.2,102.7,121.70999999999992,423.94,1,1,1.0
1365,4,577.2,102.7,121.69999999999993,423.94,1,1,1.0
1366,4,577.2,102.7,121.68999999999994,423.94,1,1,1.0
1367,4,577.2,102.7,121.68999999999994,423.94,1,1,1.0
1368,4,577.2,102.7,121.67999999999995,423.94,1,1,1.0
1369,4,577.2,102.7,121.67999999999995,423.94,1,1,1.0
1370,4,577.2,102.7,121.66999999999996,423.94,1,1,1.0
1371,4,577.2,102.7,121.65999999999997,423.94,1,1,1.0
1372,4,577.2,102.7,121.65999999999997,423.94,1,1,1.0
1373,4,577.2,102.7,121.64999999999998,423.94,1,1,1.0
1374,4,577.2,102.7,121.64999999999998,423.94,1,1,1.0
1375,4,577.2,102.7,121.63999999999999,423.94,1,1,1.0
1376,4,577.2,102.7,121.63999999999999,423.94,1,1,1.0
1377,4,577.2,102.7,121.63,423.94,1,1,1.0
1378,4,577.2,102.7,121.62,423.94,1,1,1.0
1379,4,577.2,102.7,121.62,423.94,1,1,1.0
1380,4,577.2,102.7,121.6099999999999,423.94,1,1,1.0
1381,4,577.2,102.7,121.6099999999999,423.94,1,1,1.0
1382,4,577.2,102.7,121.59999999999991,423.94,1,1,1.0
1383,4,577.2,102.7,121.58999999999992,423.94,1,1,1.0
1384,4,577.2,102.7,121.58999999999992,423.94,1,1,1.0
1385,4,577.2,102.7,121.57999999999993,423.94,1,1,1.0
1386,4,577.2,102.7,121.57999999999993,423.94,1,1,1.0
1387,4,577.2,102.7,121.56999999999994,423.94,1,1,1.0
1388,4,577.2,102.7,121.55999999999995,423.94,1,1,1.0
1389,4,577.2,102.7,121.55999999999995,423.94,1,1,1.0
1390,4,577.2,102.7,121.54999999999995,423.94,1,1,1.0
1391,4,577.2,102.7,121.54999999999995,423.94,1,1,1.0
1392,4,577.2,102.7,121.53999999999996,423.94,1,1,1.0
1393,4,577.2,102.7,121.53999999999996,423.94,1,1,1.0
1394,4,577.2,102.7,121.52999999999997,423.94,1,1,1.0
1395,4,577.2,102.7,121.51999999999998,423.94,1,1,1.0
1396,4,577.2,102.7,121.51999999999998,423.94,1,1,1.0
1397,4,577.2,102.7,121.50999999999999,423.94,1,1,1.0
1398,4,577.2,102.7,121.50999999999999,423.94,1,1,1.0
1399,4,577.2,102.7,121.5,423.94,1,1,1.0
1400,4,577.2,102.7,121.49000000000001,423.94,1,1,1.0
1401,4,577.2,102.7,121.49000000000001,423.94,1,1,1.0
1402,4,577.2,102.7,121.4799999999999,423.94,1,1,1.0
1403,4,577.2,102.7,121.4799999999999,423.94,1,1,1.0
1404,4,577.2,102.7,121.46999999999991,423.94,1,1,1.0
1405,4,577.2,102.7,121.45999999999992,423.94,1,1,1.0
1406,4,577.2,102.7,121.45999999999992,423.94,1,1,1.0
1407,4,577.2,102.7,121.44999999999993,423.94,1,1,1.0
1408,4,577.2,102.7,121.44999999999993,423.94,1,1,1.0
1409,4,577.2,102.7,121.43999999999994,423.94,1,1,1.0
1410,4,577.2,102.7,121.43999999999994,423.94,1,1,1.0
1411,4,577.2,102.7,121.42999999999995,423.94,1,1,1.0
1412,4,577.2,102.7,121.41999999999996,423.94,1,1,1.0
1413,4,577.2,102.7,121.41999999999996,423.94,1,1,1.0
1414,4,577.2,102.7,121.40999999999997,423.94,1,1,1.0
1415,4,577.2,102.7,121.40999999999997,423.94,1,1,1.0
1416,4,577.2,102.7,121.39999999999998,423.94,1,1,1.0
1417,4,577.2,102.7,121.38999999999999,423.94,1,1,1.0
1418,4,577.2,102.7,121.38999999999999,423.94,1,1,1.0
1419,4,577.2,102.7,121.38,423.94,1,1,1.0
1420,4,577.2,102.7,121.38,423.94,1,1,1.0
1421,4,577.2,102.7,121.37,423.94,1,1,1.0
1422,4,577.2,102.7,121.3599999999999,423.94,1,1,1.0
1423,4,577.2,102.7,121.3599999999999,423.94,1,1,1.0
1424,4,577.2,102.7,121.34999999999991,423.94,1,1,1.0
1425,4,577.2,102.7,121.34999999999991,423.94,1,1,1.0
1426,4,577.2,102.7,121.33999999999992,423.94,1,1,1.0
1427,4,577.2,102.7,121.33999999999992,423.94,1,1,1.0
1428,4,577.2,102.7,121.32999999999993,423.94,1,1,1.0
1429,4,577.2,102.7,121.31999999999994,423.94,1,1,1.0
1430,4,577.2,102.7,121.31999999999994,423.94,1,1,1.0
1431,4,577.2,102.7,121.30999999999995,423.94,1,1,1.0
1432,4,577.2,102.7,121.30999999999995,423.94,1,1,1.0
1433,4,577.2,102.7,121.29999999999995,423.94,1,1,1.0
1434,4,577.2,102.7,120.7299999999999,423.94,1,1,1.0
1435,4,577.2,102.7,120.16999999999996,423.94,1,1,1.0
1436,4,577.2,102.7,119.59999999999991,423.94,1,1,1.0
1437,4,577.2,102.7,119.02999999999997,423.94,1,1,1.0
1438,4,577.2,102.7,118.46999999999991,423.94,1,1,1.0
1439,4,577.2,102.7,117.89999999999998,423.94,1,1,1.0
1440,4,577.2,102.7,115.5,423.94,1,1,1.0
1441,4,577.2,102.7,113.09999999999991,423.94,1,1,1.0
1442,4,576.4,103.5,113.10000000000002,423.94000000000005,1,1,1.0
1443,4,575.61,104.29,113.10000000000002,423.95,1,1,1.0
1444,4,575.61,104.29,113.10000000000002,423.95,1,1,1.0
1445,4,575.61,104.29,113.10000000000002,423.95,1,1,1.0
1446,4,575.61,104.29,113.10000000000002,423.95,1,1,1.0
1447,4,575.61,104.29,113.10000000000002,423.95,1,1,1.0
1448,4,575.61,104.29,113.10000000000002,423.95,1,1,1.0
1449,4,575.61,104.29,113.10000000000002,423.95,1,1,1.0
1450,4,575.61,104.29,113.10000000000002,423.95,1,1,1.0
1451,4,575.61,104.29,113.10000000000002,423.95,1,1,1.0
1452,4,575.61,104.29,113.10000000000002,423.95,1,1,1.0
1453,4,575.61,104.29,113.10000000000002,423.95,1,1,1.0
1454,4,575.61,104.29,113.10000000000002,423.95,1,1,1.0
1455,4,575.61,104.29,113.10000000000002,423.95,1,1,1.0
1456,4,575.61,104.29,113.10000000000002,423.95,1,1,1.0
1457,4,575.61,104.29,113.10000000000002,423.95,1,1,1.0
1458,4,575.61,104.29,113.10000000000002,423.95,1,1,1.0
1459,4,575.61,104.29,113.10000000000002,423.95,1,1,1.0
1460,4,575.61,104.29,113.10000000000002,423.95,1,1,1.0
1461,4,575.61,104.29,113.10000000000002,423.95,1,1,1.0
1462,4,575.61,104.29,113.10000000000002,423.95,1,1,1.0
1463,4,575.61,104.29,113.10000000000002,423.95,1,1,1.0
1464,4,575.61,104.29,113.10000000000002,423.95,1,1,1.0
1465,4,575.61,104.29,113.10000000000002,423.95,1,1,1.0
1466,4,575.61,104.29,113.10000000000002,423.95,1,1,1.0
1467,4,575.61,104.29,113.10000000000002,423.95,1,1,1.0
1468,4,575.61,104.29,113.10000000000002,423.95,1,1,1.0
1469,4,575.61,104.29,113.10000000000002,423.95,1,1,1.0
1470,4,575.61,104.29,113.10000000000002,423.95,1,1,1.0
1471,4,575.61,104.29,113.10000000000002,423.95,1,1,1.0
1472,4,575.61,104.29,113.10000000000002,423.95,1,1,1.0
1473,4,575.61,104.29,113.10000000000002,423.95,1,1,1.0
1474,4,575.61,104.29,113.10000000000002,423.95,1,1,1.0
1475,4,575.61,104.29,113.10000000000002,423.95,1,1,1.0
1476,4,575.61,104.29,113.10000000000002,423.95,1,1,1.0
1477,4,575.61,104.29,113.10000000000002,423.95,1,1,1.0
1478,4,575.61,104.29,113.10000000000002,423.95,1,1,1.0
1479,4,575.61,104.29,113.10000000000002,423.95,1,1,1.0
1480,4,575.61,104.29,113.10000000000002,423.95,1,1,1.0
1481,4,575.61,104.29,113.10000000000002,423.95,1,1,1.0
1482,4,575.61,104.29,113.10000000000002,423.95,1,1,1.0
1483,4,575.61,104.29,113.10000000000002,423.95,1,1,1.0
1484,4,575.61,104.29,113.10000000000002,423.95,1,1,1.0
1485,4,575.61,104.29,113.10000000000002,423.95,1,1,1.0
1486,4,575.61,104.29,113.10000000000002,423.95,1,1,1.0
1487,4,575.61,104.29,113.10000000000002,423.95,1,1,1.0
1488,4,575.61,104.29,113.10000000000002,423.95,1,1,1.0
1489,4,575.61,104.29,113.10000000000002,423.95,1,1,1.0
1490,4,575.61,104.29,113.10000000000002,423.95,1,1,1.0
1491,4,575.61,104.29,113.10000000000002,423.95,1,1,1.0
1492,4,575.61,104.29,113.10000000000002,423.95,1,1,1.0
1493,4,575.61,104.29,113.10000000000002,423.95,1,1,1.0
1494,4,575.61,104.29,113.10000000000002,423.95,1,1,1.0
1495,4,575.61,104.29,113.10000000000002,423.95,1,1,1.0
1496,4,575.61,104.29,113.10000000000002,423.95,1,1,1.0
1497,4,575.61,104.29,113.10000000000002,423.95,1,1,1.0
1498,4,575.61,104.29,113.10000000000002,423.95,1,1,1.0
1499,4,575.61,104.29,113.10000000000002,423.95,1,1,1.0
1500,4,575.61,104.29,113.10000000000002,423.95,1,1,1.0
1501,4,575.61,104.29,113.10000000000002,423.95,1,1,1.0
1502,4,575.61,104.29,113.10000000000002,423.95,1,1,1.0
1503,4,575.61,104.29,113.10000000000002,423.95,1,1,1.0
1504,4,575.61,104.29,113.10000000000002,423.95,1,1,1.0
1505,4,575.61,104.29,113.10000000000002,423.95,1,1,1.0
1506,4,575.61,104.29,113.10000000000002,423.95,1,1,1.0
1507,4,575.61,104.29,113.10000000000002,423.95,1,1,1.0
1508,4,575.61,104.29,116.28999999999996,423.95,1,1,1.0
1509,4,575.61,104.29,119.49000000000001,423.95,1,1,1.0
1510,4,575.61,104.29,122.68999999999994,423.95,1,1,1.0
1511,4,575.61,104.29,127.49000000000001,423.95,1,1,1.0
1512,4,575.61,104.29,129.09000000000003,423.95,1,1,1.0
1513,4,575.61,104.29,130.68999999999994,423.95,1,1,1.0
1514,4,575.61,104.29,130.68999999999994,423.95,1,1,1.0
1515,4,575.61,104.29,130.68999999999994,423.95,1,1,1.0
1516,4,575.61,104.29,130.68999999999994,423.95,1,1,1.0
1517,4,575.61,104.29,130.68999999999994,423.95,1,1,1.0
1518,4,575.61,104.29,130.68999999999994,423.95,1,1,1.0
1519,4,575.61,104.29,130.68999999999994,423.95,1,1,1.0
1520,4,575.61,104.29,130.68999999999994,423.95,1,1,1.0
1521,4,575.61,104.29,130.68999999999994,423.95,1,1,1.0
1522,4,575.61,104.29,130.68999999999994,423.95,1,1,1.0
1523,4,575.61,104.29,130.68999999999994,423.95,1,1,1.0
1524,4,575.61,104.29,130.68999999999994,423.95,1,1,1.0
1525,4,575.61,104.29,130.68999999999994,423.95,1,1,1.0
1526,4,575.61,104.29,130.68999999999994,423.95,1,1,1.0
1527,4,575.61,104.29,130.68999999999994,423.95,1,1,1.0
1528,4,575.61,104.29,130.68999999999994,423.95,1,1,1.0
1529,4,575.61,104.29,130.68999999999994,423.95,1,1,1.0
1530,4,575.61,104.29,130.68999999999994,423.95,1,1,1.0
1531,4,575.61,104.29,130.68999999999994,423.95,1,1,1.0
1532,4,575.61,104.29,130.68999999999994,423.95,1,1,1.0
1533,4,575.61,104.29,130.68999999999994,423.95,1,1,1.0
1534,4,575.61,104.29,130.68999999999994,423.95,1,1,1.0
1535,4,575.61,104.29,130.68999999999994,423.95,1,1,1.0
1536,4,575.61,104.29,130.68999999999994,423.95,1,1,1.0
1537,4,575.61,104.29,130.68999999999994,423.95,1,1,1.0
1538,4,575.61,104.29,130.68999999999994,423.95,1,1,1.0
1539,4,575.61,104.29,130.68999999999994,423.95,1,1,1.0
1540,4,575.61,104.29,130.68999999999994,423.95,1,1,1.0
1541,4,575.61,104.29,130.68999999999994,423.95,1,1,1.0
1542,4,575.61,104.29,130.68999999999994,423.95,1,1,1.0
1543,4,575.61,104.29,130.68999999999994,423.95,1,1,1.0
1544,4,575.61,104.29,130.68999999999994,423.95,1,1,1.0
1545,4,575.61,104.29,130.68999999999994,423.95,1,1,1.0
1546,4,575.61,104.29,130.68999999999994,423.95,1,1,1.0
1547,4,575.61,104.29,130.68999999999994,423.95,1,1,1.0
1548,4,575.61,104.29,130.68999999999994,423.95,1,1,1.0
1549,4,575.61,104.29,130.68999999999994,423.95,1,1,1.0
1550,4,575.61,104.29,130.68999999999994,423.95,1,1,1.0
1551,4,575.61,104.29,130.68999999999994,423.95,1,1,1.0
1552,4,575.61,104.29,130.68999999999994,423.95,1,1,1.0
1553,4,575.61,104.29,130.68999999999994,423.95,1,1,1.0
1554,4,575.61,104.29,130.68999999999994,423.95,1,1,1.0
1555,4,575.61,104.29,130.68999999999994,423.95,1,1,1.0
1556,4,575.61,104.29,130.68999999999994,423.95,1,1,1.0
1557,4,575.61,104.29,130.68999999999994,423.95,1,1,1.0
1558,4,575.61,104.29,130.68999999999994,423.95,1,1,1.0
1559,4,575.61,104.29,130.68999999999994,423.95,1,1,1.0
1560,4,575.61,104.29,130.68999999999994,423.95,1,1,1.0
1561,4,575.61,104.29,130.68999999999994,423.95,1,1,1.0
1562,4,575.61,104.29,130.68999999999994,423.95,1,1,1.0
1563,4,575.61,104.29,130.68999999999994,423.95,1,1,1.0
1564,4,575.61,104.29,130.68999999999994,423.95,1,1,1.0
1565,4,575.61,104.29,130.68999999999994,423.95,1,1,1.0
1566,4,575.61,104.29,130.68999999999994,423.95,1,1,1.0
1567,4,575.61,104.29,130.68999999999994,423.95,1,1,1.0
1568,4,575.61,104.29,130.68999999999994,423.95,1,1,1.0
1569,4,575.61,104.29,130.68999999999994,423.95,1,1,1.0
1570,4,575.61,104.29,130.68999999999994,423.95,1,1,1.0
1571,4,575.61,104.29,130.68999999999994,423.95,1,1,1.0
1572,4,575.61,104.29,130.68999999999994,423.95,1,1,1.0
1573,4,575.61,104.29,130.68999999999994,423.95,1,1,1.0
1574,4,575.61,104.29,130.68999999999994,423.95,1,1,1.0
1575,4,575.61,104.29,130.68999999999994,423.95,1,1,1.0
1576,4,575.61,104.29,130.68999999999994,423.95,1,1,1.0
1577,4,575.61,104.29,130.68999999999994,423.95,1,1,1.0
1578,4,575.61,104.29,130.68999999999994,423.95,1,1,1.0
1579,4,575.61,104.29,130.68999999999994,423.95,1,1,1.0
1580,4,575.61,104.29,130.68999999999994,423.95,1,1,1.0
1581,4,575.61,104.29,130.68999999999994,423.95,1,1,1.0
1582,4,575.61,104.29,130.68999999999994,423.95,1,1,1.0
1583,4,575.61,104.29,130.68999999999994,423.95,1,1,1.0
1584,4,575.61,104.29,130.68999999999994,423.95,1,1,1.0
1585,4,575.61,104.29,130.68999999999994,423.95,1,1,1.0
1586,4,575.61,104.29,130.68999999999994,423.95,1,1,1.0
1587,4,575.61,104.29,130.68999999999994,423.95,1,1,1.0
1588,4,575.61,104.29,130.68999999999994,423.95,1,1,1.0
1589,4,575.61,104.29,130.68999999999994,423.95,1,1,1.0
1590,4,575.61,104.29,130.68999999999994,423.95,1,1,1.0
1591,4,575.61,104.29,130.68999999999994,423.95,1,1,1.0
1592,4,575.61,104.29,130.68999999999994,423.95,1,1,1.0
1593,4,575.61,104.29,130.68999999999994,423.95,1,1,1.0
1594,4,575.61,104.29,130.68999999999994,423.95,1,1,1.0
1595,4,575.61,104.29,130.68999999999994,423.95,1,1,1.0
1596,4,575.61,104.29,130.68999999999994,423.95,1,1,1.0
1597,4,575.61,104.29,130.68999999999994,423.95,1,1,1.0
1598,4,575.61,104.29,130.68999999999994,423.95,1,1,1.0
1599,4,575.61,104.29,130.68999999999994,423.95,1,1,1.0
1600,4,575.61,104.29,130.68999999999994,423.95,1,1,1.0
1601,4,575.61,104.29,130.68999999999994,423.95,1,1,1.0
1602,4,575.61,104.29,130.68999999999994,423.95,1,1,1.0
1603,4,575.61,104.29,130.68999999999994,423.95,1,1,1.0
1604,4,575.61,104.29,130.68999999999994,423.95,1,1,1.0
1605,4,575.61,104.29,130.68999999999994,423.95,1,1,1.0
1606,4,575.61,104.29,130.68999999999994,423.95,1,1,1.0
1607,4,575.61,104.29,130.68999999999994,423.95,1,1,1.0
1608,4,575.61,104.29,130.68999999999994,423.95,1,1,1.0
1609,4,575.61,104.29,130.68999999999994,423.95,1,1,1.0
1610,4,575.61,104.29,130.68999999999994,423.95,1,1,1.0
1611,4,575.61,104.29,130.68999999999994,423.95,1,1,1.0
1612,4,575.61,104.29,130.68999999999994,423.95,1,1,1.0
1613,4,575.61,104.29,130.68999999999994,423.95,1,1,1.0
1614,4,575.61,104.29,130.68999999999994,423.95,1,1,1.0
1615,4,575.61,104.29,130.68999999999994,423.95,1,1,1.0
1616,4,575.61,104.29,130.68999999999994,423.95,1,1,1.0
1617,4,575.61,104.29,130.68999999999994,423.95,1,1,1.0
1618,4,575.61,104.29,130.68999999999994,423.95,1,1,1.0
1619,4,575.61,104.29,130.68999999999994,423.95,1,1,1.0
1620,4,575.61,104.29,130.68999999999994,423.95,1,1,1.0
1621,4,575.61,104.29,130.68999999999994,423.95,1,1,1.0
1622,4,575.61,104.29,130.68999999999994,423.95,1,1,1.0
1623,4,575.61,104.29,130.68999999999994,423.95,1,1,1.0
1624,4,575.61,104.29,130.68999999999994,423.95,1,1,1.0
1625,4,575.61,104.29,130.68999999999994,423.95,1,1,1.0
1626,4,575.61,104.29,130.68999999999994,423.95,1,1,1.0
1627,4,575.61,104.29,130.68999999999994,423.95,1,1,1.0
1628,4,575.61,104.29,130.68999999999994,423.95,1,1,1.0
1629,4,575.61,104.29,130.68999999999994,423.95,1,1,1.0
1630,4,575.61,104.29,130.68999999999994,423.95,1,1,1.0
1631,4,575.61,104.29,130.68999999999994,423.95,1,1,1.0
1632,4,575.61,104.29,130.68999999999994,423.95,1,1,1.0
1633,4,575.61,104.29,130.68999999999994,423.95,1,1,1.0
1634,4,575.61,104.29,130.68999999999994,423.95,1,1,1.0
1635,4,575.61,104.29,130.68999999999994,423.95,1,1,1.0
1636,4,575.61,104.29,130.68999999999994,423.95,1,1,1.0
1637,4,575.61,104.29,130.68999999999994,423.95,1,1,1.0
1638,4,575.61,104.29,130.68999999999994,423.95,1,1,1.0
1639,4,575.61,104.29,130.68999999999994,423.95,1,1,1.0
1640,4,575.61,104.29,130.68999999999994,423.95,1,1,1.0
1641,4,575.61,104.29,130.68999999999994,423.95,1,1,1.0
1642,4,575.61,104.29,130.68999999999994,423.95,1,1,1.0
1643,4,575.61,104.29,130.68999999999994,423.95,1,1,1.0
1644,4,575.61,104.29,130.68999999999994,423.95,1,1,1.0
1645,4,575.61,104.29,130.68999999999994,423.95,1,1,1.0
1646,4,575.61,104.29,130.68999999999994,423.95,1,1,1.0
1647,4,575.61,104.29,130.68999999999994,423.95,1,1,1.0
1648,4,575.61,104.29,130.68999999999994,423.95,1,1,1.0
1649,4,575.61,104.29,130.68999999999994,423.95,1,1,1.0
1650,4,575.61,104.29,130.68999999999994,423.95,1,1,1.0
1651,4,575.61,104.29,130.68999999999994,423.95,1,1,1.0
1652,4,575.61,104.29,130.68999999999994,423.95,1,1,1.0
1653,4,575.61,104.29,130.68999999999994,423.95,1,1,1.0
1654,4,575.61,104.29,130.68999999999994,423.95,1,1,1.0
1655,4,575.61,104.29,130.68999999999994,423.95,1,1,1.0
1656,4,575.61,104.29,130.68999999999994,423.95,1,1,1.0
1657,4,575.61,104.29,130.68999999999994,423.95,1,1,1.0
1658,4,575.61,104.29,130.68999999999994,423.95,1,1,1.0
1659,4,575.61,104.29,130.68999999999994,423.95,1,1,1.0
1660,4,575.61,104.29,130.68999999999994,423.95,1,1,1.0
1661,4,575.61,104.29,130.68999999999994,423.95,1,1,1.0
1662,4,575.61,104.29,130.68999999999994,423.95,1,1,1.0
1663,4,575.61,104.29,130.68999999999994,423.95,1,1,1.0
1664,4,575.61,104.29,130.68999999999994,423.95,1,1,1.0
1665,4,575.61,104.29,130.68999999999994,423.95,1,1,1.0
1666,4,575.61,104.29,130.68999999999994,423.95,1,1,1.0
1667,4,575.61,104.29,130.68999999999994,423.95,1,1,1.0
1668,4,575.61,104.29,130.68999999999994,423.95,1,1,1.0
1669,4,575.61,104.29,130.68999999999994,423.95,1,1,1.0
1670,4,575.61,104.29,130.68999999999994,423.95,1,1,1.0
1671,4,575.61,104.29,130.68999999999994,423.95,1,1,1.0
1672,4,575.61,104.29,130.68999999999994,423.95,1,1,1.0
1673,4,575.61,104.29,130.68999999999994,423.95,1,1,1.0
1674,4,575.61,104.29,130.68999999999994,423.95,1,1,1.0
1675,4,575.61,104.29,130.68999999999994,423.95,1,1,1.0
1676,4,575.61,104.29,130.68999999999994,423.95,1,1,1.0
1677,4,575.61,104.29,130.68999999999994,423.95,1,1,1.0
1678,4,575.61,104.29,130.68999999999994,423.95,1,1,1.0
1679,4,575.61,104.29,130.68999999999994,423.95,1,1,1.0
1680,4,575.61,104.29,130.68999999999994,423.95,1,1,1.0
1681,4,575.61,104.29,130.68999999999994,423.95,1,1,1.0
1682,4,575.61,104.29,130.68999999999994,423.95,1,1,1.0
1683,4,575.61,104.29,130.68999999999994,423.95,1,1,1.0
1684,4,575.61,104.29,130.68999999999994,423.95,1,1,1.0
1685,4,575.61,104.29,130.68999999999994,423.95,1,1,1.0
1686,4,575.61,104.29,130.68999999999994,423.95,1,1,1.0
1687,4,575.61,104.29,130.68999999999994,423.95,1,1,1.0
1688,4,575.61,104.29,130.68999999999994,423.95,1,1,1.0
1689,4,575.61,104.29,130.68999999999994,423.95,1,1,1.0
1690,4,575.61,104.29,130.68999999999994,423.95,1,1,1.0
1691,4,575.61,104.29,130.68999999999994,423.95,1,1,1.0
1692,4,575.61,104.29,130.68999999999994,423.95,1,1,1.0
1693,4,575.61,104.29,130.68999999999994,423.95,1,1,1.0
1694,4,575.61,104.29,130.68999999999994,423.95,1,1,1.0
1695,4,575.61,104.29,130.68999999999994,423.95,1,1,1.0
1696,4,575.61,104.29,130.68999999999994,423.95,1,1,1.0
1697,4,575.61,104.29,130.68999999999994,423.95,1,1,1.0
1698,4,575.61,104.29,130.68999999999994,423.95,1,1,1.0
1699,4,575.61,104.29,130.68999999999994,423.95,1,1,1.0
1700,4,575.61,104.29,130.68999999999994,423.95,1,1,1.0
1701,4,575.61,104.29,130.68999999999994,423.95,1,1,1.0
1702,4,575.61,104.29,130.68999999999994,423.95,1,1,1.0
1703,4,575.61,103.09,130.68999999999994,425.15,1,1,1.0
1704,4,575.61,101.9,130.68999999999994,426.34000000000003,1,1,1.0
1705,4,575.61,100.7,130.68999999999994,427.54,1,1,1.0
1706,4,575.61,99.5,130.68999999999994,428.74,1,1,1.0
1707,4,575.61,99.5,130.68999999999994,428.74,1,1,1.0
1708,4,575.61,99.5,130.68999999999994,428.74,1,1,1.0
1709,4,575.61,99.5,130.68999999999994,428.74,1,1,1.0
1710,4,575.61,99.5,130.68999999999994,428.74,1,1,1.0
1711,4,575.61,99.5,130.68999999999994,428.74,1,1,1.0
1712,4,575.61,99.5,130.68999999999994,428.74,1,1,1.0
1713,4,575.61,99.5,130.68999999999994,428.74,1,1,1.0
1714,4,575.61,99.5,130.68999999999994,428.74,1,1,1.0
1715,4,575.61,99.5,130.68999999999994,428.74,1,1,1.0
1716,4,575.61,99.5,130.68999999999994,428.74,1,1,1.0
1717,4,575.61,99.5,130.68999999999994,428.74,1,1,1.0
1718,4,575.61,99.5,130.68999999999994,428.74,1,1,1.0
1719,4,575.61,99.5,130.68999999999994,428.74,1,1,1.0
1720,4,575.61,99.5,130.68999999999994,428.74,1,1,1.0
1721,4,575.61,99.5,130.68999999999994,428.74,1,1,1.0
1722,4,575.61,99.5,130.68999999999994,428.74,1,1,1.0
1723,4,575.61,99.5,130.68999999999994,428.74,1,1,1.0
1724,4,575.61,99.5,130.68999999999994,428.74,1,1,1.0
1725,4,575.61,99.5,130.68999999999994,428.74,1,1,1.0
1726,4,575.61,99.5,130.68999999999994,428.74,1,1,1.0
1727,4,575.61,99.5,130.68999999999994,428.74,1,1,1.0
1728,4,575.61,99.5,130.68999999999994,428.74,1,1,1.0
1729,4,575.61,99.5,130.68999999999994,428.74,1,1,1.0
1730,4,575.61,99.5,130.68999999999994,428.74,1,1,1.0
1731,4,575.61,99.5,130.68999999999994,428.74,1,1,1.0
1732,4,575.61,99.5,130.68999999999994,428.74,1,1,1.0
1733,4,575.61,99.5,130.68999999999994,428.74,1,1,1.0
1734,4,575.61,99.5,130.68999999999994,428.74,1,1,1.0
1735,4,575.61,99.5,130.68999999999994,428.74,1,1,1.0
1736,4,575.61,99.5,130.68999999999994,428.74,1,1,1.0
1737,4,575.61,99.5,130.68999999999994,428.74,1,1,1.0
1738,4,575.61,99.5,130.68999999999994,428.74,1,1,1.0
1739,4,575.61,99.5,130.68999999999994,428.74,1,1,1.0
1740,4,575.61,99.5,130.68999999999994,428.74,1,1,1.0
1741,4,575.61,99.5,130.68999999999994,428.74,1,1,1.0
1742,4,575.61,99.5,130.68999999999994,428.74,1,1,1.0
1743,4,575.61,99.5,130.68999999999994,428.74,1,1,1.0
1744,4,575.61,99.5,130.68999999999994,428.74,1,1,1.0
1745,4,575.61,99.5,130.68999999999994,428.74,1,1,1.0
1746,4,575.61,99.5,130.68999999999994,428.74,1,1,1.0
1747,4,575.61,99.5,130.68999999999994,428.74,1,1,1.0
1748,4,575.61,99.5,130.68999999999994,428.74,1,1,1.0
1749,4,575.61,99.5,130.68999999999994,428.74,1,1,1.0
1750,4,575.61,99.5,130.68999999999994,428.74,1,1,1.0
1751,4,575.61,99.5,130.68999999999994,428.74,1,1,1.0
1752,4,575.61,99.5,130.68999999999994,428.74,1,1,1.0
1753,4,575.61,99.5,130.68999999999994,428.74,1,1,1.0
1754,4,575.61,99.5,130.68999999999994,428.74,1,1,1.0
1755,4,575.61,99.5,130.68999999999994,428.74,1,1,1.0
1756,4,575.61,99.5,130.68999999999994,428.74,1,1,1.0
1757,4,575.61,99.5,130.68999999999994,428.74,1,1,1.0
1758,4,575.61,99.5,130.68999999999994,428.74,1,1,1.0
1759,4,575.61,99.5,130.68999999999994,428.74,1,1,1.0
1760,4,575.61,99.5,130.68999999999994,428.74,1,1,1.0
1761,4,575.61,99.5,130.68999999999994,428.74,1,1,1.0
1762,4,575.61,99.5,130.68999999999994,428.74,1,1,1.0
1763,4,575.61,99.5,130.68999999999994,428.74,1,1,1.0
1764,4,575.61,99.5,130.68999999999994,428.74,1,1,1.0
1765,4,575.61,99.5,130.68999999999994,428.74,1,1,1.0
1766,4,575.61,99.5,130.68999999999994,428.74,1,1,1.0
1767,4,575.61,99.5,130.68999999999994,428.74,1,1,1.0
1768,4,575.61,99.5,130.68999999999994,428.74,1,1,1.0
1769,4,575.61,99.5,130.68999999999994,428.74,1,1,1.0
1770,4,575.61,99.5,130.68999999999994,428.74,1,1,1.0
1771,4,575.61,99.5,130.68999999999994,428.74,1,1,1.0
1772,4,575.61,99.5,130.68999999999994,428.74,1,1,1.0
1773,4,575.61,99.5,130.68999999999994,428.74,1,1,1.0
1774,4,575.61,99.5,130.68999999999994,428.74,1,1,1.0
1775,4,575.61,99.5,130.68999999999994,428.74,1,1,1.0
1776,4,575.61,99.5,130.68999999999994,428.74,1,1,1.0
1777,4,575.61,99.5,130.68999999999994,428.74,1,1,1.0
1778,4,575.61,99.5,130.68999999999994,428.74,1,1,1.0
1779,4,575.61,99.5,130.68999999999994,428.74,1,1,1.0
1780,4,575.61,99.5,130.68999999999994,428.74,1,1,1.0
1781,4,575.61,99.5,130.68999999999994,428.74,1,1,1.0
1782,4,575.61,99.5,130.68999999999994,428.74,1,1,1.0
1783,4,575.61,99.5,130.68999999999994,428.74,1,1,1.0
1784,4,575.61,99.5,130.68999999999994,428.74,1,1,1.0
1785,4,575.61,99.5,130.68999999999994,428.74,1,1,1.0
1786,4,575.61,99.5,130.68999999999994,428.74,1,1,1.0
1787,4,575.61,99.5,130.68999999999994,428.74,1,1,1.0
1788,4,575.61,99.5,130.68999999999994,428.74,1,1,1.0
1789,4,575.61,99.5,130.68999999999994,428.74,1,1,1.0
1790,4,575.61,99.5,130.68999999999994,428.74,1,1,1.0
1791,4,575.61,99.5,130.68999999999994,428.74,1,1,1.0
1792,4,575.61,99.5,130.68999999999994,428.74,1,1,1.0
1793,4,575.61,99.5,130.68999999999994,428.74,1,1,1.0
1794,4,575.61,99.5,130.68999999999994,428.74,1,1,1.0
1795,4,575.61,99.5,130.68999999999994,428.74,1,1,1.0
1796,4,575.61,99.5,130.68999999999994,428.74,1,1,1.0
1797,4,575.61,99.5,130.68999999999994,428.74,1,1,1.0
1798,4,575.61,99.5,130.68999999999994,428.74,1,1,1.0
1799,4,575.61,99.5,130.68999999999994,428.74,1,1,1.0
1800,4,575.61,99.5,130.68999999999994,428.74,1,1,1.0
